Feature	Gain	Cover	Frequency
ctrx_quarter	0.289996482512969	0.0475791223502588	0.0279648609077599
mpayroll	0.0911536465764848	0.0722008812658966	0.0117130307467057
mtarjeta_visa_consumo	0.0718557203419368	0.0162423877106082	0.0101024890190337
cpayroll_trx	0.0683180839672515	0.0200487600125548	0.00541727672035139
mpasivos_margen	0.0453574570734144	0.0199427388500947	0.0213762811127379
mcuentas_saldo	0.0265137622918124	0.0194472868308707	0.0301610541727672
mcaja_ahorro	0.0245498032826965	0.0157187413785198	0.01800878477306
mrentabilidad_annual	0.0205225563984922	0.022289713537295	0.036896046852123
mprestamos_personales	0.020163486583381	0.0126185286811838	0.0115666178623719
mactivos_margen	0.0183093538416001	0.0187560812525163	0.0232796486090776
ctarjeta_visa_trx	0.0143193338563849	0.00953675516333072	0.00746705710102489
mcuenta_corriente	0.0138332629203943	0.0123382580965238	0.0275256222547584
cliente_edad	0.013649949542336	0.0260705610054445	0.0427525622254758
Visa_mpagominimo	0.0127474330095105	0.0067134102887573	0.0134699853587116
Master_fechaalta	0.0123508674898351	0.01527326793961	0.0355783308931186
ccomisiones_otras	0.0112486404374156	0.0263264272783849	0.0234260614934114
Master_mfinanciacion_limite	0.0111109933171225	0.0183625143510247	0.0361639824304539
numero_de_cliente	0.0106237588811259	0.0165913726638505	0.0301610541727672
cliente_antiguedad	0.0104660159534111	0.0116100011374123	0.0253294289897511
Visa_mfinanciacion_limite	0.0102354749929743	0.0113183028753874	0.032796486090776
Visa_Fvencimiento	0.0102354450722287	0.014299048145332	0.0345534407027818
Master_Fvencimiento	0.00911174303956291	0.0150097475121835	0.0380673499267936
chomebanking_trx	0.00901019826589166	0.0162825370053446	0.0144948755490483
Visa_fechaalta	0.00881012235295911	0.0122941045831866	0.027086383601757
mcomisiones_otras	0.00851748882686247	0.00895119998645487	0.0125915080527086
mcaja_ahorro_dolares	0.00714667746816765	0.028968783120027	0.0156661786237189
mrentabilidad	0.00685681784389229	0.0108089514389213	0.0174231332357247
mpagomiscuentas	0.00656896096219852	0.0118565324727504	0.00805270863836018
mtarjeta_visa_debitos_automaticos	0.00631741766629197	0.00575809106540599	0.0089311859443631
mtransferencias_recibidas	0.00616056935971631	0.00664860126918075	0.013909224011713
Master_mpagospesos	0.00611825355103952	0.0169393194863444	0.0152269399707174
cproductos	0.00565375859366855	0.00611703713035285	0.0105417276720351
Visa_mlimitecompra	0.00552827661993621	0.0155845588597271	0.0133235724743777
Visa_msaldopesos	0.00526286508710286	0.0247947477505004	0.0125915080527086
ccaja_ahorro	0.00492169957927437	0.0204210452337049	0.00717423133235725
mcomisiones	0.00490348471311203	0.00491203098375371	0.0115666178623719
mcuenta_debitos_automaticos	0.00482541157532753	0.00661006684449737	0.00907759882869692
Visa_mconsumospesos	0.00441506795165389	0.010809412830365	0.0193265007320644
Master_mlimitecompra	0.00440895305763044	0.00941472536560019	0.00805270863836018
Visa_mpagospesos	0.00436788842196639	0.00976128801376298	0.0150805270863836
mcomisiones_mantenimiento	0.00361532381431789	0.0096281765822503	0.00571010248901903
ccaja_seguridad	0.00343668911203954	0.00354404654879406	0.00380673499267936
ctransferencias_recibidas	0.00287301613751582	0.0108092068520419	0.008199121522694
mplazo_fijo_dolares	0.00278503426948155	0.0134470229314431	0.00336749633967789
Master_msaldopesos	0.00258803574313738	0.00428377238093516	0.00702781844802343
tcuentas	0.002572157247602	0.0011889975113287	0.00131771595900439
Visa_mpagado	0.00251172656082751	0.0070727188755528	0.00775988286969253
Master_mpagominimo	0.00233142646637984	0.00369236741968359	0.00556368960468521
Visa_cconsumos	0.00228819007658959	0.00388325989038905	0.00746705710102489
ctarjeta_visa_debitos_automaticos	0.00205375995862878	0.00351167499553748	0.00424597364568082
ctarjeta_debito	0.00201306581708418	0.00731567442720209	0.00453879941434846
Visa_msaldototal	0.00200452862601701	0.00342436490394675	0.00571010248901903
ctarjeta_debito_trx	0.00198459566823742	0.00996598103211536	0.00453879941434846
Master_fultimo_cierre	0.00195889620958389	0.00234873786164593	0.00322108345534407
mtransferencias_emitidas	0.0019503933644741	0.00338929091509125	0.00790629575402635
Visa_mconsumosdolares	0.00180528212711784	0.00551315812185505	0.0061493411420205
Visa_Finiciomora	0.00169684082558172	0.0133943995894605	0.00468521229868228
Visa_msaldodolares	0.001652695991691	0.00687870377346933	0.00453879941434846
tpaquete7	0.00159407918309496	0.00806410078371044	0.00278184480234261
Visa_mpagosdolares	0.0015057254160744	0.00909081209384422	0.00366032210834553
ccuenta_debitos_automaticos	0.00147463257146829	0.00282528930994337	0.00336749633967789
ccallcenter_trx	0.00139392975485663	0.02584433089363	0.00922401171303075
ctransferencias_emitidas	0.00139306066656738	0.00166740276453394	0.00278184480234261
mcaja_ahorro_adicional	0.00126067706595276	0.00990100722988034	0.00380673499267936
mtarjeta_master_consumo	0.00126066626559366	0.00356325196763883	0.00322108345534407
thomebanking	0.00118803409352379	0.00271355018923435	0.00131771595900439
cprestamos_personales	0.00118377032768288	0.00113627529975098	0.00263543191800878
mautoservicio	0.00118019105241121	0.00486340362123899	0.00541727672035139
mtarjeta_visa_descuentos	0.00113638047190995	0.0205991011353154	0.00951683748169839
cpagomiscuentas	0.00102087633864902	0.00212843168640344	0.0020497803806735
cseguro_accidentes_personales	0.000984426185471386	0.00311701228936708	0.00117130307467057
Master_cconsumos	0.000982433585291443	0.00194443536995499	0.00380673499267936
Master_msaldototal	0.000947199119418135	0.00320503918552216	0.00468521229868228
matm	0.000926244204593942	0.00219484733690008	0.00366032210834553
Master_mconsumospesos	0.000808961758080271	0.00336848710445931	0.00512445095168375
ccheques_depositados	0.000801626458749411	0.0223612704067359	0.0061493411420205
ctarjeta_master_trx	0.000733441029307182	0.00120255088498792	0.00190336749633968
active_quarter	0.000731591816448143	0.00231034350222224	0.00102489019033675
mcheques_depositados	0.000710657360239743	0.00954865247127231	0.00380673499267936
Master_mpagado	0.000673543452569106	0.0168856744918793	0.00468521229868228
tcallcenter	0.000662917415751885	0.00113450388617242	0.00131771595900439
cplazo_fijo	0.000642009508180713	0.0012706226012022	0.00102489019033675
ccomisiones_mantenimiento	0.000559235309084782	0.0013827736785574	0.00146412884333821
catm_trx	0.00050930371994342	0.000929711998224961	0.00131771595900439
internet	0.000492447562793402	0.000844305146339566	0.00102489019033675
mdescubierto_preacordado	0.000469042831082679	0.00557490218398404	0.00146412884333821
mextraccion_autoservicio	0.000420868525668141	0.00127137236229824	0.00322108345534407
Master_mpagosdolares	0.00041229753126686	0.011128044817917	0.0061493411420205
Visa_delinquency	0.000364894031259419	0.00237641310913609	0.00102489019033675
Master_mconsumototal	0.000293261696147643	0.000387807747578014	0.00102489019033675
ctarjeta_master_debitos_automaticos	0.000255145566675921	0.00129913000111764	0.00102489019033675
cseguro_vivienda	0.000253034692072114	0.000691312687082387	0.000878477306002928
tpaquete9	0.000248116882477243	0.00603230588736718	0.00161054172767204
Visa_fultimo_cierre	0.000238789618397865	0.00106831893139764	0.00131771595900439
cseguro_vida	0.000170294571701537	0.000407911231911447	0.000439238653001464
tmobile_app	0.000141288226423718	0.0011866164019138	0.000585651537335286
mpagodeservicios	0.000123590738126477	0.0033306447669415	0.000585651537335286
Master_msaldodolares	0.000120261723044848	0.000498821824589766	0.000292825768667643
mttarjeta_master_debitos_automaticos	0.000113786441304279	0.00124824511618187	0.00117130307467057
cextraccion_autoservicio	0.000110344236308303	0.000192062427580596	0.00102489019033675
mcheques_emitidos	9.56774658246514e-05	0.000205104974998557	0.000146412884333821
mtarjeta_master_descuentos	9.22238500331076e-05	0.00183576120669352	0.00117130307467057
mcajeros_propios_descuentos	8.88379263111745e-05	0.00086285143455045	0.000439238653001464
matm_other	8.8520309355404e-05	0.000186138491008572	0.000146412884333821
mforex_sell	8.80891414810437e-05	0.000420080431239513	0.000585651537335286
ctarjeta_visa_descuentos	7.77733693883095e-05	0.00478141600951686	0.00131771595900439
Visa_status	6.82431711222213e-05	0.000409715602021702	0.000292825768667643
cinversion2	6.76676545970869e-05	9.64967248004781e-05	0.000146412884333821
ccajas_consultas	6.57614882338017e-05	0.000457510812111146	0.000585651537335286
Master_status	4.70073478282193e-05	0.000187588578403115	0.000585651537335286
catm_trx_other	4.42280347289721e-05	0.000372482960340233	0.000146412884333821
Master_mconsumosdolares	2.83494483840838e-05	0.000125053559513461	0.000292825768667643
ccajas_extracciones	2.34854687473293e-05	0.000117053361444706	0.000146412884333821
cforex_sell	1.6727226270268e-05	9.65132030663251e-05	0.000146412884333821
cforex	1.20041950301573e-05	0.000385047638048629	0.000146412884333821
tpaquete1	1.04845553203226e-05	0.000139027128951782	0.000146412884333821
Visa_mconsumototal	2.9990463396805e-06	1.25646777083956e-05	0.000146412884333821
