Feature	Gain	Cover	Frequency
mpasivos_margen	0.0656986442741894	0.0256984438699064	0.0308313984640114
ctrx_quarter	0.0642000151493257	0.0241272450982981	0.0267681728880157
ctrx_quarter_normalizado	0.0493992143963515	0.0220386533006367	0.0214323986426148
mpayroll_sobre_edad	0.0424988437866757	0.0325122018735835	0.0125915342025362
mcaja_ahorro	0.0380682185246755	0.0164933036542873	0.023597963922129
cpayroll_trx	0.0289486082726641	0.0129872050179953	0.00346043936417217
mtarjeta_visa_consumo	0.0255776286253183	0.0131740646912362	0.0154268619396321
mcuentas_saldo	0.0228901101000306	0.0274903137852183	0.0238658689051616
mpayroll	0.0221440503649887	0.0228416986374677	0.00973388105018753
mactivos_margen	0.0205994855196377	0.0182063635251229	0.0176594034649044
mrentabilidad_annual	0.0190807665720449	0.0171077241816352	0.0173021968208609
mprestamos_personales	0.0166126957997362	0.0217204985452959	0.00591623504197178
Master_fechaalta	0.0162414185107013	0.0192791350503755	0.0202714770494731
mvr_msaldopesos	0.0159489705056397	0.00921027711791479	0.0108501518128237
Master_Fvencimiento	0.0149193244975791	0.0148477944799491	0.0191105554563315
mvr_msaldototal	0.0145907158941626	0.00736307767542094	0.00957760314341847
cliente_edad	0.0142611776770323	0.0162177461544437	0.0192221825325951
chomebanking_trx	0.0141015957027426	0.0125150046554633	0.0147794248973031
ctarjeta_visa_trx	0.0137782209314998	0.013337369446205	0.0136408287194142
mv_fechaalta	0.0132381459946637	0.00956453252163031	0.0141543132702268
Visa_Fvencimiento	0.0129156526063373	0.0091879934859162	0.0149357028040722
mcuenta_corriente	0.0125508060293594	0.00847667269372814	0.0112073584568673
mv_Fvencimiento	0.0117835022208339	0.00925943244221169	0.0144891944990177
numero_de_cliente	0.0117072909614931	0.00952223502659456	0.0142659403464904
mcomisiones_otras	0.0116868422555612	0.00931956568470164	0.0152036077871048
cliente_antiguedad	0.0110520226045684	0.00820018679907418	0.0127031612787998
mcaja_ahorro_dolares	0.0108100606798074	0.0159441133755484	0.0152482586176103
Visa_mfinanciacion_limite	0.0107430093594779	0.0119869280803034	0.0143552420075013
mautoservicio	0.0106719744702585	0.0129649084466962	0.015270584032863
mrentabilidad	0.0106515906975942	0.0121658451795918	0.0132612966601179
mv_msaldopesos	0.0105448207561584	0.00823672199229049	0.0127924629398107
mv_mpagominimo	0.0104527339965147	0.00676712692125133	0.00977853188069298
mcomisiones	0.0103192159952923	0.00827053346275308	0.0139980353634578
Visa_mpagominimo	0.00981630484784587	0.0105651771511112	0.0137747812109305
Visa_fechaalta	0.00971864871153461	0.0069920604861921	0.0122566529737453
Visa_msaldototal	0.00956869114251589	0.0111356040567838	0.0125915342025362
Visa_mconsumospesos	0.00896647758928126	0.00788258519882949	0.0128817646008216
ccomisiones_otras	0.00857625959199794	0.0113835415414506	0.0123906054652617
mtransferencias_recibidas	0.00854807688067485	0.00939752820499556	0.0123682800500089
mvr_mpagominimo	0.00809957242777907	0.0100206115940234	0.0109171280585819
Master_mlimitecompra	0.00771040445624648	0.00679369453998806	0.0116538667619218
Master_mfinanciacion_limite	0.00752662229365804	0.00826162906746399	0.0138640828719414
Visa_mlimitecompra	0.00730153564487261	0.00846515024663935	0.00926504732988034
Visa_mpagospesos	0.00703770812314562	0.00842570155426209	0.0118101446686908
Visa_msaldopesos	0.00702562630649471	0.0147613297609564	0.0166324343632792
mvr_msaldopesos2	0.00696924393518356	0.00641561788406539	0.00933202357563851
mv_mconsumospesos	0.0069514784489853	0.00542474781783172	0.00957760314341847
mv_mfinanciacion_limite	0.00687162243302528	0.0057600741032014	0.0102920164315056
cprestamos_personales	0.00681993717213689	0.00365305242853817	0.00194231112698696
mv_msaldototal	0.00667920366929634	0.00635896100030782	0.00973388105018753
mcomisiones_mantenimiento	0.00659255738234168	0.0069340686979337	0.00716645829612431
mvr_Visa_mlimitecompra	0.00635773955466234	0.0108291626032141	0.0102696910162529
mvr_mconsumospesos	0.00630300860781342	0.00617451342833381	0.00984550812645115
cproductos	0.00575956944375218	0.00570042392792984	0.00665297374531166
mtransferencias_emitidas	0.00569101687463389	0.00617370903515318	0.00761296660117878
mvr_Master_mlimitecompra	0.00562871210019961	0.00972885732478802	0.00926504732988034
mtarjeta_visa_debitos_automaticos	0.00545644672937523	0.00567781357859381	0.00803714949098053
ctransferencias_recibidas	0.00538598415823362	0.0099179652014895	0.00618414002500447
mvr_mpagospesos	0.00537849697707412	0.0060750813736973	0.00770226826218968
Master_mpagospesos	0.00533975523441229	0.0145482011511651	0.00743436327915699
ctarjeta_debito_trx	0.00531244346475469	0.0103354883932394	0.0136631541346669
Visa_mconsumototal	0.00525670145742766	0.00503317547149512	0.00828272905876049
mv_mpagospesos	0.00524058565876069	0.0071198080434069	0.00841668155027683
Visa_cconsumos	0.00515532550501585	0.00405639846004813	0.00805947490623326
mpagomiscuentas	0.0050436715628576	0.0121133073064911	0.00727808537238793
mcuenta_debitos_automaticos	0.00495159672167733	0.00836710269715557	0.00899714234684765
mvr_mconsumototal	0.00426226375972107	0.00436198915461044	0.00622879085550991
mv_mlimitecompra	0.00415442208622269	0.00418037097634417	0.00678692623682801
mv_mconsumototal	0.00381602190471037	0.00405650520927719	0.00634041793177353
ccomisiones_mantenimiento	0.00373253501097992	0.0112132484859406	0.00444275763529202
ctransferencias_emitidas	0.00328890238799413	0.00765071724709964	0.00486694052509377
mv_cconsumos	0.00313910587443066	0.00252182437848448	0.0047999642793356
mextraccion_autoservicio	0.00313552033920722	0.0073087272219762	0.00884086444007859
ctarjeta_debito	0.0030756242128512	0.00277940811166861	0.003393463118414
ccaja_ahorro	0.00266294954011336	0.00746194363566089	0.00245579567779961
Master_msaldopesos	0.00258343249955982	0.00506893861978203	0.00439810680478657
Visa_mpagado	0.00246834484613232	0.00514664127579105	0.00410787640650116
ccaja_seguridad	0.00237874041732667	0.00936042152600749	0.00196463654223969
cpagomiscuentas	0.00232031055460529	0.006577602830384	0.00504554384711556
mv_mpagado	0.00229341315690846	0.00566243953305834	0.00446508305054474
ctarjeta_visa_debitos_automaticos	0.0022659334316662	0.00253886975033359	0.00337113770316128
thomebanking	0.00213069440821137	0.00220740476788595	0.00191998571173424
Visa_mconsumosdolares	0.00211123069048518	0.00242064659655649	0.00290230398285408
ccallcenter_trx	0.0020381252074361	0.00601220715605297	0.00223254152527237
Master_mpagominimo	0.00201752662523655	0.00145611555475085	0.0026343989998214
catm_trx	0.00195140196922717	0.0044974798048951	0.00381764600821575
mplazo_fijo_dolares	0.00194066371235286	0.0134911929287378	0.00229951777103054
Master_msaldototal	0.00191282344867519	0.00218011254832163	0.00363904268619396
ccuenta_debitos_automaticos	0.00178968518915427	0.00534814608063962	0.00558135381318093
Master_cconsumos	0.00164762628072491	0.00443813909456033	0.0026343989998214
Master_fultimo_cierre	0.00163646478190958	0.00209742394852274	0.00285765315234863
mv_fultimo_cierre	0.0016204525033536	0.00230022915307083	0.00397392391498482
cextraccion_autoservicio	0.00161590911345266	0.00367212711401456	0.00540275049115914
tpaquete7	0.00159525671591517	0.00932057171531495	0.00138417574566887
matm	0.00155687845023776	0.00302278988428692	0.00379532059296303
mtarjeta_master_consumo	0.00146898092791956	0.0040084529603473	0.00258974816931595
mvr_mpagado	0.0014067709701861	0.0046611425471776	0.00325951062689766
Master_mconsumospesos	0.00138846505002223	0.00245020103715696	0.00305858188962315
Visa_fultimo_cierre	0.00118278610921151	0.00172872828545731	0.00270137524557957
cmobile_app_trx	0.0011771883378247	0.000545979175666624	0.00145115199142704
cseguro_accidentes_personales	0.00112206242552721	0.0054389195866964	0.00154045365243794
Visa_mpagosdolares	0.00104684973176291	0.0020035687323986	0.00183068405072334
mtarjeta_visa_descuentos	0.000976002843034181	0.00666720425147114	0.00292462939810681
mvr_mconsumosdolares	0.000951628511806314	0.00121376353479675	0.0013171994999107
mvr_mpagosdolares	0.000922542743859565	0.00306281976691131	0.00136185033041615
mv_Finiciomora	0.000920869004772772	0.00262814876718345	0.000714413288087158
cplazo_fijo	0.000807228515094299	0.00390040333158262	0.000870691194856224
tcallcenter	0.000752708777644376	0.00114654926011214	0.000625111627076264
ctarjeta_master_trx	0.000737618778203649	0.00189258080414703	0.00136185033041615
Master_mconsumototal	0.00070154074116203	0.00114985309483796	0.00162975531344883
mv_mconsumosdolares	0.000665678524892194	0.00185571242394303	0.0012278978388998
mvr_msaldodolares	0.000631971871042263	0.0043117458507971	0.00102696910162529
Visa_delinquency	0.000621172251522435	0.00133822343141136	0.000491159135559921
tpaquete9	0.000597301895609108	0.00474699696249705	0.000848365779603501
minversion2	0.000591511718591377	0.0077933212778302	0.00104929451687801
ccajas_consultas	0.000569886609817102	0.00435484019108819	0.000848365779603501
Visa_Finiciomora	0.000510646425960057	0.00111764070626127	0.000312555813538132
mv_mpagosdolares	0.000479884193347215	0.00161281910991833	0.00120557242364708
ctarjeta_visa_descuentos	0.000467979174543063	0.00422554962228963	0.0021655652795142
active_quarter	0.000460968572270884	0.000217481606131993	0.000491159135559921
Visa_msaldodolares	0.000454185511596524	0.000918477914801879	0.000848365779603501
mv_status04	0.000303547714579795	0.000140327792118872	0.000245579567779961
mv_status03	0.000282212053436388	0.000210369303961147	0.000334881228790856
mvr_msaldodolares2	0.000281195704540392	0.00236240249193848	0.000669762457581711
Master_mpagosdolares	0.000268947450993556	0.000391611164238082	0.000669762457581711
mcaja_ahorro_adicional	0.000254019105226908	0.000827959959929833	0.000223254152527237
Master_mconsumosdolares	0.000252848254182081	0.000308303634565619	0.00109394534738346
mv_status02	0.000247864162622807	0.000187843060078317	0.000267904983032684
Visa_madelantopesos	0.000245497072787749	0.000205837313963563	0.000446508305054474
Master_mpagado	0.000243290907745837	0.00148218393214357	0.000580460796570816
Master_status	0.000238424064323276	0.000975358001492949	0.000379532059296303
mttarjeta_master_debitos_automaticos	0.000226543699732205	0.000516557362896202	0.000535809966065369
matm_other	0.000211395284831334	0.000595918405918378	0.000558135381318093
mdescubierto_preacordado	0.000205914734048598	0.000241012802353093	0.000200928737274513
ctarjeta_master_debitos_automaticos	0.00020115002937555	0.000928844451046651	0.000334881228790856
mv_status05	0.000194633511982536	0.000182622052329494	0.000290230398285408
ccajas_trx	0.000183647486023124	0.000453025397476819	0.000290230398285408
cinversion1	0.000170272215928635	0.00191889394997407	0.000267904983032684
Master_msaldodolares	0.000168310306106212	0.00031870036251154	0.000290230398285408
Master_delinquency	0.000121702814711569	0.000249339242220175	0.000245579567779961
Visa_madelantodolares	0.000120310751329825	0.000122121118050537	0.000245579567779961
mcheques_emitidos	0.000105675676483449	0.000515592306734451	6.69762457581711e-05
mv_msaldodolares	9.74846686143043e-05	0.000399547268540299	0.000290230398285408
mv_status01	8.91851982490909e-05	9.57486670962385e-05	0.00017860332202179
ctarjeta_master	8.58515200283393e-05	9.52558954024731e-05	0.000111627076263619
mv_status07	7.15994387539241e-05	8.79106858227576e-05	0.000133952491516342
tmobile_app	6.903105007186e-05	0.000855697507086116	0.000133952491516342
internet	6.38365050799584e-05	0.000377121304236288	0.000111627076263619
catm_trx_other	6.34919738133343e-05	0.000333671133181647	0.000267904983032684
cseguro_vivienda	4.87205743129214e-05	0.000109010371826262	8.93016610108948e-05
Master_madelantopesos	4.70830549488079e-05	0.000122653785920822	0.000290230398285408
mv_status06	3.98913650194935e-05	7.36483418546283e-05	0.000111627076263619
tpaquete1	3.74655423013862e-05	0.000480078239982028	6.69762457581711e-05
ccheques_emitidos	3.74436739001115e-05	0.000337800926588915	4.46508305054474e-05
minversion1_pesos	3.62245679338873e-05	0.00032145104214129	4.46508305054474e-05
cseguro_vida	3.25785707238671e-05	0.000174768975205439	0.000156277906769066
mcheques_depositados	3.09999112628785e-05	0.000222119267083602	0.000111627076263619
ccajas_extracciones	2.4311766570087e-05	0.000129211854720562	6.69762457581711e-05
mforex_sell	2.40462391037978e-05	0.000150621005660851	0.000200928737274513
ctarjeta_visa	1.94777036781562e-05	0.000296395165012128	0.000156277906769066
mcajeros_propios_descuentos	1.76433731085537e-05	0.00055368992048526	0.000245579567779961
Master_cadelantosefectivo	1.43990426403196e-05	6.43007755236603e-05	0.000223254152527237
Visa_status	1.30866779246247e-05	0.000458333745503968	0.000156277906769066
Master_madelantodolares	1.03642586537705e-05	3.37241301842604e-05	0.000133952491516342
cforex_sell	8.78726030437509e-06	5.52605175793951e-05	6.69762457581711e-05
cforex	4.50301706859952e-06	4.23244519117723e-05	6.69762457581711e-05
Visa_cadelantosefectivo	1.86722660567471e-09	1.40326713843831e-05	2.23254152527237e-05
ccajeros_propios_descuentos	1.10729950479544e-12	0.000118379503658051	8.93016610108948e-05
