Feature	Gain	Cover	Frequency
ctrx_quarter	0.0966848821134373	0.0105038380828087	0.00776531492666091
mcuentas_saldo	0.068222914978505	0.0365447855362333	0.0314926660914582
cpayroll_trx	0.0667723129518488	0.0309435621596525	0.0103537532355479
ctrx_quarter_normalizado	0.0662446973010998	0.0111321303006929	0.00992234685073339
mvr_msaldototal	0.0651637339659119	0.0119865608282956	0.0120793787748059
mjf_coper_mes	0.0591053829409066	0.0201537111997714	0.0185504745470233
mpasivos_margen	0.0516618952855609	0.0193495447146877	0.0150992234685073
mpayroll_sobre_edad	0.0431163199068783	0.0380915812184872	0.0215703192407248
ctarjeta_visa_trx	0.041137907841541	0.0199718760793654	0.0211389128559103
mcaja_ahorro	0.038803766192712	0.0226828255614754	0.0198446937014668
mprestamos_personales	0.0267825870050242	0.0309745220164737	0.0133735979292494
mcuenta_corriente	0.0231882788915336	0.0144582614490739	0.0220017256255393
mpayroll	0.022523186513881	0.0160251843637027	0.00647109577221743
mactivos_margen	0.0210223391836375	0.0316855512094072	0.0232959447799827
Visa_msaldototal	0.0183718046362255	0.0101588318802791	0.0103537532355479
mtarjeta_visa_consumo	0.0151152448042336	0.0133091885246942	0.0120793787748059
mv_msaldopesos	0.0150940778995511	0.00757902116871065	0.00949094046591889
mjf_cproductos	0.0144268451397182	0.0157871825427909	0.0159620362381363
mrentabilidad_annual	0.0126170022363508	0.0306761717528485	0.0284728213977567
mv_msaldototal	0.0122888351729304	0.00545457973682027	0.00819672131147541
mtransferencias_recibidas	0.0106033716193473	0.00708684756944423	0.0103537532355479
cprestamos_personales	0.00819576343917154	0.00966630910969511	0.00560828300258844
mrentabilidad	0.00810350227573833	0.0152014393440288	0.0202761000862813
mautoservicio	0.00730654059452252	0.0106105099203146	0.0107851596203624
mjf_nivel_tec_edad	0.00700465016962643	0.0190131514046572	0.0189818809318378
Visa_fechaalta	0.00691632742708218	0.0140908085189887	0.0176876617773943
mcomisiones_otras	0.00691238313648551	0.0127656451737366	0.0185504745470233
chomebanking_trx	0.00604087877325188	0.0165851637073926	0.0202761000862813
cliente_edad	0.0060014688327629	0.0145580329962572	0.0198446937014668
ctarjeta_debito_trx	0.00534497698167538	0.00617993326737543	0.00603968938740293
thomebanking	0.00522139668726893	0.00376995283377216	0.00603968938740293
mv_Fvencimiento	0.00504342549457044	0.0145822422076061	0.0194132873166523
cproductos	0.00501822239200916	0.0121780729823589	0.0090595340811044
mv_mpagospesos	0.00495212060500443	0.00418817693614706	0.00733390854184642
mv_fechaalta	0.0049236744433596	0.0164520213585767	0.0163934426229508
cliente_antiguedad	0.00474960841687512	0.00833264926238308	0.0146678170836928
mvr_mpagospesos	0.00473087210756997	0.0093758235143172	0.0107851596203624
ccomisiones_mantenimiento	0.00471570035684022	0.00375402397081048	0.00603968938740293
mvr_mpagominimo	0.00465114595063724	0.0119577126265852	0.0107851596203624
Master_fechaalta	0.00441706207504903	0.0191876622409978	0.0202761000862813
mv_mconsumospesos	0.00436638766206594	0.00446737265892478	0.00776531492666091
catm_trx	0.00402993883573387	0.00135827642519802	0.00215703192407248
mjf_nivel_tec	0.00366291266201897	0.0124622568668156	0.0103537532355479
mcomisiones_mantenimiento	0.00363644584646129	0.00936969638905479	0.0112165660051769
mtransferencias_emitidas	0.00363506235532598	0.0145302738765134	0.0146678170836928
mcomisiones	0.00361560396584583	0.0110784659946294	0.0155306298533218
Visa_mpagospesos	0.00326786922053041	0.0111301017816101	0.0155306298533218
mcaja_ahorro_dolares	0.003173444970966	0.0183963735266488	0.0129421915444349
ccomisiones_otras	0.00308698043483993	0.0112532594934652	0.00862812769628991
Master_Fvencimiento	0.00302342663219471	0.0111982400701455	0.0138050043140639
Visa_Fvencimiento	0.00282584666066114	0.00787404599121648	0.0129421915444349
mv_mpagominimo	0.00277084134140592	0.00505033080074943	0.00733390854184642
ccaja_ahorro	0.00274964057449096	0.0150625522956792	0.00517687661777394
cextraccion_autoservicio	0.0027325991804724	0.00554299490258095	0.00733390854184642
numero_de_cliente	0.00263664856030173	0.00856957862853388	0.0142364106988783
tcallcenter	0.00235797882855768	0.0100972197699403	0.00345125107851596
Visa_msaldopesos	0.00223853472775436	0.00995149894009046	0.0116479723899914
mvr_mconsumototal	0.00222534305442815	0.00744410802249867	0.0103537532355479
ccallcenter_trx	0.00213107390001732	0.00842224495974113	0.00301984469370147
mcuenta_debitos_automaticos	0.00212492827939507	0.00840055477004018	0.00733390854184642
Visa_mpagominimo	0.0020633792355547	0.00311878158098687	0.00474547023295945
ccuenta_debitos_automaticos	0.00181431633685362	0.0108141848752719	0.00560828300258844
Master_mfinanciacion_limite	0.00172299660010241	0.00608170805031266	0.00949094046591889
mv_mlimitecompra	0.00170944296939606	0.00551403031043143	0.0103537532355479
mv_cconsumos	0.00164053349006905	0.00426294947971562	0.00862812769628991
ctarjeta_master_trx	0.00163464116787716	0.00534454089018102	0.00517687661777394
mvr_msaldopesos2	0.00162615316692317	0.00655230785031731	0.0090595340811044
Visa_mconsumototal	0.00161580728765589	0.00547971175807975	0.00862812769628991
ctransferencias_emitidas	0.00157950977575957	0.00833786189133765	0.00819672131147541
Visa_mconsumospesos	0.00143447320045856	0.00636266625688364	0.00862812769628991
mv_mfinanciacion_limite	0.00136321189479716	0.00599292708602885	0.00733390854184642
ccajas_trx	0.00103536270786349	0.00786255659214913	0.00258843830888697
mextraccion_autoservicio	0.00102015503736282	0.00581020241012343	0.00560828300258844
mtarjeta_visa_debitos_automaticos	0.000997242438837074	0.00476829182581466	0.00647109577221743
mvr_msaldopesos	0.000989864894096231	0.00453800502829975	0.00690250215703192
Visa_mlimitecompra	0.000974655634079232	0.00350124887772597	0.00733390854184642
Master_mlimitecompra	0.00096889597019506	0.00396013481138771	0.00690250215703192
mv_status01	0.000929277746218527	0.00230408176115761	0.00129421915444349
Master_status	0.00089761020013354	0.00209684858420259	0.00172562553925798
Visa_mpagado	0.000881100584219901	0.00493849621590573	0.00474547023295945
mvr_Master_mlimitecompra	0.000859997834740578	0.00477491776724496	0.00690250215703192
mvr_mpagado	0.00081195927923196	0.00560955360658472	0.00388265746333046
mvr_Visa_mlimitecompra	0.000806288438965528	0.00468375079895801	0.00345125107851596
Master_mpagominimo	0.000757525082121152	0.00385160072685497	0.00301984469370147
Visa_cconsumos	0.000741353323320697	0.00300662276563403	0.00603968938740293
Visa_mconsumosdolares	0.000696154870875957	0.00224173805377262	0.00301984469370147
Visa_mfinanciacion_limite	0.000641749770664073	0.00241886767499473	0.00517687661777394
cmobile_app_trx	0.000618906329136822	0.00131696613289291	0.00215703192407248
ctransferencias_recibidas	0.000577902037169028	0.00172133977300572	0.00301984469370147
mpagomiscuentas	0.000512591888678019	0.00316350045043931	0.00388265746333046
Master_mconsumototal	0.000481637572997468	0.0026896666589461	0.00345125107851596
mv_status04	0.000395766126263174	0.00143619151062436	0.00129421915444349
Visa_fultimo_cierre	0.000383963140625181	0.00152837273845271	0.00215703192407248
Master_msaldopesos	0.000352087761513976	0.00233490860033397	0.00474547023295945
mv_mpagado	0.000350262193321647	0.00306324671429375	0.00301984469370147
ctarjeta_visa_debitos_automaticos	0.000338358943711591	0.000585335832224978	0.00129421915444349
mv_mconsumototal	0.000315696380218203	0.00165409103996969	0.00301984469370147
mjf_rautoservicio	0.000314575050913698	0.00265017704565383	0.000862812769628991
Master_fultimo_cierre	0.000302665386304333	0.00147714431800914	0.00258843830888697
ctarjeta_master	0.00028957403481064	0.00101641276452616	0.000862812769628991
mvr_mconsumospesos	0.00028016230664847	0.00156684809220357	0.00301984469370147
cpagomiscuentas	0.00028000973254214	0.00142676388505101	0.00215703192407248
Master_mpagospesos	0.000249053930492878	0.00238755033325326	0.00258843830888697
ctarjeta_debito	0.000237049350376018	0.000602362090756044	0.000862812769628991
cseguro_accidentes_personales	0.000200936559341678	0.000602387031564439	0.000431406384814495
Visa_mpagosdolares	0.000193442326544252	0.00187480056706087	0.00172562553925798
mv_status05	0.000155632013201356	0.000576939093398622	0.000431406384814495
Visa_msaldodolares	0.000155172309202172	0.00162170955707003	0.00129421915444349
Master_cconsumos	0.000153534748108451	0.00183774683938853	0.00172562553925798
mjf_rcajeros	0.000134821395584727	0.000619429917301101	0.000431406384814495
matm	0.000134467730085562	0.00161027003961947	0.00172562553925798
Master_msaldototal	0.000130388131404617	0.000893105407820709	0.00172562553925798
catm_trx_other	0.000122576498911014	0.000871830898259675	0.000431406384814495
ccaja_seguridad	0.000120147982208606	0.00132508852282692	0.000431406384814495
matm_other	0.000114731005605357	0.00165275254991915	0.00172562553925798
mv_fultimo_cierre	0.000100947719053728	0.000357917227675512	0.000431406384814495
Visa_cadelantosefectivo	7.99456038348133e-05	0.000182167664517927	0.000431406384814495
Master_mconsumospesos	6.32329132305826e-05	0.000563130199150526	0.00129421915444349
Master_mpagado	5.99234373100784e-05	0.000526267684342545	0.000431406384814495
mplazo_fijo_dolares	5.39725292505867e-05	0.000580696841863486	0.000431406384814495
Master_mconsumosdolares	3.72180165624359e-05	0.000287010509408197	0.000431406384814495
mv_mconsumosdolares	6.37354266044044e-06	0.00050274850202595	0.000431406384814495
