fecha	objective	metric	first_metric_only	boost_from_average	feature_pre_filter	verbosity	seed	max_depth	max_bin	num_iterations	force_row_wise	learning_rate	feature_fraction	min_data_in_leaf	num_leaves	min_gain_to_split	lambda_l1	lambda_l2	prob_corte	ganancia	iteracion
20220423 111439	binary	custom	TRUE	TRUE	FALSE	-100	777137	-1	31	101	TRUE	0,078262551	0,948851908	527	350	0,004396969	0,098493943	55,01614114	0,012386603	13970000	139
20220423 110441	binary	custom	TRUE	TRUE	FALSE	-100	777137	-1	31	161	TRUE	0,057117351	0,229011663	5970	19	0,001077404	3,361183753	19,07959988	0,014770418	13961000	128
20220423 111124	binary	custom	TRUE	TRUE	FALSE	-100	777137	-1	31	1713	TRUE	0,010595725	0,242960871	4610	212	0,021969381	3,82922682	15,16758911	0,015174928	13855000	134
20220423 114735	binary	custom	TRUE	TRUE	FALSE	-100	777137	-1	31	825	TRUE	0,015168384	0,442734343	262	891	0,006032462	1,006853426	57,87289974	0,013854072	13823000	200
20220423 120021	binary	custom	TRUE	TRUE	FALSE	-100	777137	-1	31	76	TRUE	0,072891663	0,440259464	302	940	0,251443294	0,048822858	35,82782282	0,015167057	13816000	231
20220423 111151	binary	custom	TRUE	TRUE	FALSE	-100	777137	-1	31	78	TRUE	0,068598438	0,22238311	5664	892	0,01837355	0,115264566	2,215659994	0,017331016	13784000	135
20220423 105243	binary	custom	TRUE	TRUE	FALSE	-100	777137	-1	31	169	TRUE	0,073780896	0,208150283	5290	391	0,039675623	5,317871155	23,00692107	0,013937555	13769000	99
20220423 102656	binary	custom	TRUE	TRUE	FALSE	-100	777137	-1	31	311	TRUE	0,047861358	0,24914104	2643	352	0,112963972	5,628443694	78,08914084	0,016695321	13762000	62
20220423 111538	binary	custom	TRUE	TRUE	FALSE	-100	777137	-1	31	151	TRUE	0,10206749	0,991163355	677	388	0,027039284	0,022532466	54,123297	0,013167436	13718000	140
20220423 112020	binary	custom	TRUE	TRUE	FALSE	-100	777137	-1	31	136	TRUE	0,077991107	0,860322642	923	348	0,015444931	0,132947076	55,671033	0,012440113	13704000	146
20220423 112838	binary	custom	TRUE	TRUE	FALSE	-100	777137	-1	31	90	TRUE	0,275993128	0,418072943	5335	32	0,063748355	1,058647714	74,23694795	0,014974438	13677000	163
20220423 111638	binary	custom	TRUE	TRUE	FALSE	-100	777137	-1	31	128	TRUE	0,041270003	0,853620231	731	124	0,059914845	1,291599833	62,1520476	0,011895922	13642000	141
20220423 105445	binary	custom	TRUE	TRUE	FALSE	-100	777137	-1	31	33	TRUE	0,247515539	0,955939912	1288	700	0,042754876	1,318020335	99,25425577	0,013302756	13634000	107
20220423 120135	binary	custom	TRUE	TRUE	FALSE	-100	777137	-1	31	125	TRUE	0,054814942	0,443743004	1003	985	0,073979611	0,261696389	59,63575581	0,015089442	13632000	234
20220423 112437	binary	custom	TRUE	TRUE	FALSE	-100	777137	-1	31	143	TRUE	0,064273297	0,994967957	248	310	0,022572526	2,643431934	51,14143467	0,012133481	13630000	149
20220423 113500	binary	custom	TRUE	TRUE	FALSE	-100	777137	-1	31	113	TRUE	0,189672043	0,283643472	4689	877	0,00701095	1,169522144	92,05198242	0,014079366	13629000	181
20220423 110404	binary	custom	TRUE	TRUE	FALSE	-100	777137	-1	31	90	TRUE	0,100016592	0,21501866	5923	628	0,025999325	0,112549706	22,85157471	0,014956082	13618000	127
20220423 113819	binary	custom	TRUE	TRUE	FALSE	-100	777137	-1	31	175	TRUE	0,085349142	0,201082302	6077	878	0,022285008	8,884537106	48,18771925	0,014579352	13618000	191
20220423 111238	binary	custom	TRUE	TRUE	FALSE	-100	777137	-1	31	301	TRUE	0,042849315	0,217660711	6543	974	0,02543424	1,809229878	14,92554797	0,015961811	13616000	136
20220423 105318	binary	custom	TRUE	TRUE	FALSE	-100	777137	-1	31	156	TRUE	0,066366619	0,235758953	5185	241	0,007539452	5,973149079	29,84512647	0,013847173	13606000	100
20220423 104840	binary	custom	TRUE	TRUE	FALSE	-100	777137	-1	31	267	TRUE	0,06998122	0,257815521	7196	410	0,011307148	3,038925246	50,45824885	0,013764617	13589000	94
20220423 112323	binary	custom	TRUE	TRUE	FALSE	-100	777137	-1	31	299	TRUE	0,028874932	0,936997259	76	271	0,064075915	2,097931372	78,82474898	0,012478773	13582000	148
20220423 112854	binary	custom	TRUE	TRUE	FALSE	-100	777137	-1	31	55	TRUE	0,267679088	0,322276191	7090	19	0,059944163	1,055363656	67,84593472	0,017230087	13574000	164
20220423 113146	binary	custom	TRUE	TRUE	FALSE	-100	777137	-1	31	83	TRUE	0,073300734	0,255100625	5541	16	0,026553316	0,443854207	3,051763684	0,019101292	13568000	174
20220423 105851	binary	custom	TRUE	TRUE	FALSE	-100	777137	-1	31	82	TRUE	0,102791623	0,994489176	1897	1007	0,089699995	0,539344112	57,34364425	0,017102974	13566000	115
20220423 111757	binary	custom	TRUE	TRUE	FALSE	-100	777137	-1	31	181	TRUE	0,047525135	0,922366823	574	486	0,035553786	0,345589986	43,26543542	0,011621875	13563000	142
20220423 112816	binary	custom	TRUE	TRUE	FALSE	-100	777137	-1	31	72	TRUE	0,229048133	0,310941739	6523	19	0,030524351	2,953637159	97,54610797	0,014790571	13549000	162
20220423 112704	binary	custom	TRUE	TRUE	FALSE	-100	777137	-1	31	50	TRUE	0,285305867	0,950161395	1879	309	0,103775505	0,242421396	43,66112233	0,014877684	13542000	157
20220423 102530	binary	custom	TRUE	TRUE	FALSE	-100	777137	-1	31	588	TRUE	0,027882835	0,30565236	1512	335	0,084498448	10,48649454	98,59811755	0,017433146	13527000	60
20220423 112455	binary	custom	TRUE	TRUE	FALSE	-100	777137	-1	31	58	TRUE	0,296141779	0,935548924	3649	361	0,188847575	0,557919233	57,3458358	0,013576535	13516000	150
20220423 110652	binary	custom	TRUE	TRUE	FALSE	-100	777137	-1	31	295	TRUE	0,086181593	0,998765416	7998	770	0,074655557	0,20117442	59,40695189	0,01469849	13508000	133
20220423 104125	binary	custom	TRUE	TRUE	FALSE	-100	777137	-1	31	131	TRUE	0,07654818	0,888760576	1156	223	0,103196894	7,481029497	33,79100384	0,013624516	13503000	79
20220423 114002	binary	custom	TRUE	TRUE	FALSE	-100	777137	-1	31	178	TRUE	0,089487072	0,29465796	4921	996	0,030305736	1,768044966	78,88178252	0,01227655	13488000	195
20220423 103126	binary	custom	TRUE	TRUE	FALSE	-100	777137	-1	31	874	TRUE	0,015851995	0,225335674	6641	185	0,011419832	5,560625791	84,06402046	0,014624806	13469000	66
20220423 110231	binary	custom	TRUE	TRUE	FALSE	-100	777137	-1	31	118	TRUE	0,118628867	0,912381067	7689	670	0,055503595	1,618639065	28,59680794	0,01375286	13466000	122
20220423 113751	binary	custom	TRUE	TRUE	FALSE	-100	777137	-1	31	53	TRUE	0,283379159	0,316871803	1827	756	0,070184802	6,487652647	96,22034521	0,014507031	13446000	190
20220423 104512	binary	custom	TRUE	TRUE	FALSE	-100	777137	-1	31	51	TRUE	0,151075332	0,278357474	278	253	0,020223966	7,480682928	13,97237468	0,013958754	13425000	86
20220423 103601	binary	custom	TRUE	TRUE	FALSE	-100	777137	-1	31	455	TRUE	0,052271929	0,831434567	7837	337	0,08256498	0,349839483	54,44732885	0,014747394	13419000	72
20220423 105640	binary	custom	TRUE	TRUE	FALSE	-100	777137	-1	31	229	TRUE	0,078748725	0,95740372	4067	755	0,0091439	0,098508409	20,32687814	0,013591508	13410000	111
20220423 113518	binary	custom	TRUE	TRUE	FALSE	-100	777137	-1	31	106	TRUE	0,233020202	0,207088865	6005	746	0,026177629	12,15023689	91,98453437	0,013972994	13406000	182
20220423 115726	binary	custom	TRUE	TRUE	FALSE	-100	777137	-1	31	177	TRUE	0,06851414	0,66993625	940	966	0,025499044	0,080705069	61,4141397	0,018477286	13400000	221
20220423 102911	binary	custom	TRUE	TRUE	FALSE	-100	777137	-1	31	384	TRUE	0,034346183	0,270092505	3297	633	0,024831488	6,123715892	99,21514157	0,01638992	13397000	65
20220423 113435	binary	custom	TRUE	TRUE	FALSE	-100	777137	-1	31	106	TRUE	0,286495929	0,941144437	7874	400	0,028780591	0,056067597	99,64238656	0,014990866	13392000	180
20220423 113849	binary	custom	TRUE	TRUE	FALSE	-100	777137	-1	31	153	TRUE	0,18997425	0,253200488	5714	859	0,034530126	0,30182689	82,02993187	0,016989061	13392000	192
20220423 103632	binary	custom	TRUE	TRUE	FALSE	-100	777137	-1	31	118	TRUE	0,070230179	0,827106346	4032	28	0,034700905	3,79696905	58,15247358	0,014262216	13387000	73
20220423 115906	binary	custom	TRUE	TRUE	FALSE	-100	777137	-1	31	55	TRUE	0,251418484	0,287474756	5224	293	0,023705545	1,17008119	77,09696864	0,014229805	13374000	228
20220423 101843	binary	custom	TRUE	TRUE	FALSE	-100	777137	-1	31	202	TRUE	0,061753183	0,209482905	6375	417	0,035966859	7,682672999	43,7287587	0,018233709	13368000	53
20220423 112931	binary	custom	TRUE	TRUE	FALSE	-100	777137	-1	31	75	TRUE	0,218984427	0,39148907	7165	22	0,092163568	1,990362973	66,1436351	0,015345632	13360000	166
20220423 110102	binary	custom	TRUE	TRUE	FALSE	-100	777137	-1	31	179	TRUE	0,057887894	0,958743941	1925	835	0,017897018	0,967512474	99,14456508	0,016897062	13354000	119
20220423 103359	binary	custom	TRUE	TRUE	FALSE	-100	777137	-1	31	242	TRUE	0,048003773	0,916694852	942	232	0,051856074	5,076025544	92,31667156	0,014567117	13340000	70
20220423 105918	binary	custom	TRUE	TRUE	FALSE	-100	777137	-1	31	38	TRUE	0,274319462	0,941647643	1697	630	0,053808987	5,319014672	29,72904586	0,012923539	13336000	117
20220423 111816	binary	custom	TRUE	TRUE	FALSE	-100	777137	-1	31	46	TRUE	0,153708286	0,935778219	506	17	0,04243039	0,550987668	65,4271082	0,012077913	13331000	143
20220423 114959	binary	custom	TRUE	TRUE	FALSE	-100	777137	-1	31	80	TRUE	0,218660993	0,820646401	7302	939	0,023834523	1,868949589	34,66887095	0,01698788	13319000	208
20220423 104422	binary	custom	TRUE	TRUE	FALSE	-100	777137	-1	31	217	TRUE	0,077484173	0,828699497	2348	400	0,048908677	5,765407646	72,70544226	0,0145217	13315000	83
20220423 110013	binary	custom	TRUE	TRUE	FALSE	-100	777137	-1	31	341	TRUE	0,094747557	0,966399246	5646	996	0,125734167	0,585512072	82,78396744	0,013038373	13283000	118
20220423 103454	binary	custom	TRUE	TRUE	FALSE	-100	777137	-1	31	387	TRUE	0,059732023	0,953289486	7754	36	0,104707548	3,51631422	27,1190243	0,014860655	13282000	71
20220423 105517	binary	custom	TRUE	TRUE	FALSE	-100	777137	-1	31	129	TRUE	0,195239373	0,97640789	2400	980	0,047300731	2,938751085	99,80171484	0,017274139	13279000	108
20220423 105208	binary	custom	TRUE	TRUE	FALSE	-100	777137	-1	31	230	TRUE	0,173697045	0,227701867	7239	250	0,002461291	4,488761929	28,54209438	0,014175067	13265000	98
20220423 113119	binary	custom	TRUE	TRUE	FALSE	-100	777137	-1	31	41	TRUE	0,29570167	0,645011218	5506	29	0,246124155	0,081162658	80,04738928	0,018636032	13256000	173
20220423 105532	binary	custom	TRUE	TRUE	FALSE	-100	777137	-1	31	43	TRUE	0,246641234	0,844278718	3046	750	0,083817431	5,203529633	99,92995844	0,015516561	13244000	109
20220423 113634	binary	custom	TRUE	TRUE	FALSE	-100	777137	-1	31	105	TRUE	0,232638822	0,526654459	6350	783	0,031383711	0,438452626	94,02581338	0,014052492	13244000	185
20220423 113551	binary	custom	TRUE	TRUE	FALSE	-100	777137	-1	31	204	TRUE	0,141911973	0,333253566	7680	907	0,024888982	6,923096316	81,67220845	0,014664901	13243000	183
20220423 104058	binary	custom	TRUE	TRUE	FALSE	-100	777137	-1	31	305	TRUE	0,062547285	0,921352408	2385	338	0,032075296	5,436300413	48,08026762	0,017719417	13233000	78
20220423 105551	binary	custom	TRUE	TRUE	FALSE	-100	777137	-1	31	34	TRUE	0,214749906	0,901426786	799	981	0,029498805	6,66028845	99,48318259	0,013343901	13218000	110
20220423 110135	binary	custom	TRUE	TRUE	FALSE	-100	777137	-1	31	137	TRUE	0,078883921	0,993879666	5481	888	0,042447023	0,080224829	39,01454926	0,018873336	13213000	120
20220423 101747	binary	custom	TRUE	TRUE	FALSE	-100	777137	-1	31	533	TRUE	0,022086108	0,204881681	1447	492	0,126775228	14,5312427	46,69207421	0,01856614	13197000	51
20220423 104638	binary	custom	TRUE	TRUE	FALSE	-100	777137	-1	31	42	TRUE	0,234479718	0,558904692	1357	21	0,032100728	7,701123974	24,205733	0,013500565	13197000	88
20220423 103923	binary	custom	TRUE	TRUE	FALSE	-100	777137	-1	31	64	TRUE	0,166711986	0,997788302	2654	216	0,054157749	4,616033802	44,32533055	0,014536747	13195000	75
20220423 103256	binary	custom	TRUE	TRUE	FALSE	-100	777137	-1	31	345	TRUE	0,034729614	0,918544051	6969	385	0,10647924	5,00742132	96,21701845	0,014280435	13180000	69
20220423 103901	binary	custom	TRUE	TRUE	FALSE	-100	777137	-1	31	768	TRUE	0,01361775	0,203377209	2592	422	0,025423164	3,161839911	89,30752323	0,019026158	13171000	74
20220423 102121	binary	custom	TRUE	TRUE	FALSE	-100	777137	-1	31	124	TRUE	0,112201187	0,231598554	4451	480	0,001569448	11,15000592	53,86212296	0,017745619	13157000	56
20220423 105758	binary	custom	TRUE	TRUE	FALSE	-100	777137	-1	31	71	TRUE	0,238065641	0,911832509	179	786	0,010355064	0,228030612	81,20530482	0,017352529	13142000	113
20220423 102002	binary	custom	TRUE	TRUE	FALSE	-100	777137	-1	31	327	TRUE	0,024729852	0,410991487	4059	445	0,049506524	6,714585167	43,49132711	0,016231744	13138000	54
20220423 102600	binary	custom	TRUE	TRUE	FALSE	-100	777137	-1	31	77	TRUE	0,122521973	0,472755597	2929	340	0,038642441	0,192132647	93,95805399	0,017386474	13136000	61
20220423 105130	binary	custom	TRUE	TRUE	FALSE	-100	777137	-1	31	139	TRUE	0,080469155	0,301495949	7704	175	0,046338392	1,484903284	3,925214629	0,014014982	13118000	97
20220423 112602	binary	custom	TRUE	TRUE	FALSE	-100	777137	-1	31	70	TRUE	0,19563047	0,588585057	7515	955	0,114221517	0,020245979	85,02967596	0,020711266	13113000	153
20220423 113608	binary	custom	TRUE	TRUE	FALSE	-100	777137	-1	31	51	TRUE	0,144364004	0,201599068	7849	777	0,015250524	0,200914175	0,278432694	0,02101342	13070000	184
20220423 113002	binary	custom	TRUE	TRUE	FALSE	-100	777137	-1	31	109	TRUE	0,275725617	0,34295403	6258	116	0,044541478	1,036159075	73,61394287	0,021702362	13060000	168
20220423 114815	binary	custom	TRUE	TRUE	FALSE	-100	777137	-1	31	94	TRUE	0,254091568	0,943164242	7838	273	0,080538781	0,105887587	99,59895382	0,020384362	13052000	203
20220423 102758	binary	custom	TRUE	TRUE	FALSE	-100	777137	-1	31	104	TRUE	0,035171235	0,378336322	1844	329	0,033961077	16,61903509	79,16709467	0,017254972	13051000	64
20220423 102210	binary	custom	TRUE	TRUE	FALSE	-100	777137	-1	31	353	TRUE	0,046218984	0,216904511	7796	258	0,013841559	19,19130164	34,92696225	0,014666744	13047000	57
20220423 101630	binary	custom	TRUE	TRUE	FALSE	-100	777137	-1	31	102	TRUE	0,094408188	0,237910711	1346	113	0,063895351	16,63321382	45,97261075	0,017184905	12990000	50
20220423 113041	binary	custom	TRUE	TRUE	FALSE	-100	777137	-1	31	52	TRUE	0,245374818	0,291004525	6627	389	0,012086074	0,541678381	9,230396861	0,016450194	12965000	170
20220423 110311	binary	custom	TRUE	TRUE	FALSE	-100	777137	-1	31	143	TRUE	0,113017918	0,986465929	2428	742	0,024341015	10,26841706	99,53428969	0,012023518	12936000	125
20220423 104720	binary	custom	TRUE	TRUE	FALSE	-100	777137	-1	31	22	TRUE	0,150937383	0,605103118	148	124	0,029507585	7,539843004	25,05348548	0,014592581	12887000	91
20220423 112544	binary	custom	TRUE	TRUE	FALSE	-100	777137	-1	31	175	TRUE	0,195132442	0,251328646	4349	1021	0,057252856	2,623680785	10,82344269	0,019201217	12878000	152
20220423 104339	binary	custom	TRUE	TRUE	FALSE	-100	777137	-1	31	869	TRUE	0,015050313	0,934730891	7030	208	0,06121549	7,888716743	26,57808023	0,012500318	12871000	82
20220423 104743	binary	custom	TRUE	TRUE	FALSE	-100	777137	-1	31	43	TRUE	0,232865163	0,850915812	2548	198	0,014164594	0,010065685	1,338002444	0,012937552	12812000	92
20220423 112627	binary	custom	TRUE	TRUE	FALSE	-100	777137	-1	31	50	TRUE	0,295799744	0,678104766	6175	799	0,158188842	0,018891917	81,82207953	0,021554093	12793000	155
20220423 105902	binary	custom	TRUE	TRUE	FALSE	-100	777137	-1	31	18	TRUE	0,244887937	0,989530956	437	675	0,126240224	8,079400911	99,99295309	0,008598603	12716000	116
20220423 113908	binary	custom	TRUE	TRUE	FALSE	-100	777137	-1	31	64	TRUE	0,291494299	0,524255319	911	796	0,080917596	6,551610484	99,11558346	0,021502558	12710000	193
20220423 102055	binary	custom	TRUE	TRUE	FALSE	-100	777137	-1	31	352	TRUE	0,024950724	0,204032101	3993	301	3,857588393	3,476956795	37,63191854	0,019752998	12687000	55
20220423 102715	binary	custom	TRUE	TRUE	FALSE	-100	777137	-1	31	76	TRUE	0,063937502	0,200250813	949	364	6,884722808	0,260142695	91,1095288	0,016190794	12684000	63
20220423 115924	binary	custom	TRUE	TRUE	FALSE	-100	777137	-1	31	62	TRUE	0,280674253	0,425604201	6879	16	0,034297853	10,21505374	85,02134383	0,013755465	12652000	229
20220423 102355	binary	custom	TRUE	TRUE	FALSE	-100	777137	-1	31	640	TRUE	0,023244299	0,222066454	7718	721	0,089030946	16,06555235	44,67599341	0,018086004	12640000	59
20220423 112514	binary	custom	TRUE	TRUE	FALSE	-100	777137	-1	31	39	TRUE	0,246346869	0,561449701	7675	1021	0,069988684	0,06282143	14,03925336	0,024684959	12590000	151
20220423 113927	binary	custom	TRUE	TRUE	FALSE	-100	777137	-1	31	107	TRUE	0,165262791	0,201514253	3996	959	0,037375504	20,87547211	99,17086819	0,014358241	12587000	194
20220423 113323	binary	custom	TRUE	TRUE	FALSE	-100	777137	-1	31	141	TRUE	0,073578085	0,213687301	4936	23	0,024590554	0,171448381	8,439900776	0,023963207	12573000	176
20220423 112714	binary	custom	TRUE	TRUE	FALSE	-100	777137	-1	31	25	TRUE	0,274350315	0,950200198	936	298	0,058879918	25,09373421	59,65361114	0,011829095	12557000	158
20220423 101609	binary	custom	TRUE	TRUE	FALSE	-100	777137	-1	31	45	TRUE	0,115048675	0,403299634	2453	848	0,433076923	10,87493344	41,58025488	0,02322748	12474000	49
20220423 111323	binary	custom	TRUE	TRUE	FALSE	-100	777137	-1	31	305	TRUE	0,017156081	0,20019802	4378	650	10,49355181	0,777016533	0,042885562	0,017025596	12465000	137
20220423 115235	binary	custom	TRUE	TRUE	FALSE	-100	777137	-1	31	67	TRUE	0,281052821	0,512788831	7925	770	0,037617865	0,031809813	50,48134002	0,020989521	12440000	215
20220423 105055	binary	custom	TRUE	TRUE	FALSE	-100	777137	-1	31	621	TRUE	0,015348244	0,205041222	7994	536	0,027912979	3,450058737	32,01765797	0,024468505	12438000	96
20220423 112644	binary	custom	TRUE	TRUE	FALSE	-100	777137	-1	31	48	TRUE	0,195716346	0,574021651	6757	1017	0,061902767	0,145930052	99,7862063	0,025895665	12323000	156
20220423 112613	binary	custom	TRUE	TRUE	FALSE	-100	777137	-1	31	30	TRUE	0,299122534	0,317583946	7494	979	4,358026461	0,013072192	99,728444	0,021501789	12322000	154
20220423 101807	binary	custom	TRUE	TRUE	FALSE	-100	777137	-1	31	68	TRUE	0,054047175	0,214279412	30	446	0,388017198	36,74889827	43,77775556	0,015997631	12205000	52
20220423 105702	binary	custom	TRUE	TRUE	FALSE	-100	777137	-1	31	57	TRUE	0,051492405	0,203779066	2313	950	0,028436545	37,14632985	2,794790434	0,013457471	12166000	112
20220423 104436	binary	custom	TRUE	TRUE	FALSE	-100	777137	-1	31	66	TRUE	0,052007991	0,982413679	1930	131	13,55899843	5,476580498	39,24464049	0,013889042	12040000	84
20220423 114026	binary	custom	TRUE	TRUE	FALSE	-100	777137	-1	31	73	TRUE	0,229618461	0,200862375	7985	329	0,004373457	13,62128592	3,901882516	0,024593802	11999000	197
20220423 113341	binary	custom	TRUE	TRUE	FALSE	-100	777137	-1	31	37	TRUE	0,161161275	0,572601354	7706	414	0,09421635	0,002214483	1,747532974	0,027151937	11901000	177
20220423 110205	binary	custom	TRUE	TRUE	FALSE	-100	777137	-1	31	68	TRUE	0,074987299	0,954734108	2510	1000	0,128437085	0,997263061	41,65651338	0,025975401	11842000	121
20220423 101354	binary	custom	TRUE	TRUE	FALSE	-100	777137	-1	31	17	TRUE	0,226420001	0,375239941	1220	855	9,930310633	15,12860062	38,43731343	0,018071184	11800000	35
20220423 103153	binary	custom	TRUE	TRUE	FALSE	-100	777137	-1	31	111	TRUE	0,063418224	0,23792245	5062	63	0,957190462	2,112137449	34,66856141	0,00984233	11741000	67
20220423 113642	binary	custom	TRUE	TRUE	FALSE	-100	777137	-1	31	17	TRUE	0,289285308	0,961175324	7887	804	3,59004699	22,77083082	92,31890893	0,011671402	11732000	186
20220423 101436	binary	custom	TRUE	TRUE	FALSE	-100	777137	-1	31	27	TRUE	0,152713813	0,523889671	109	612	8,247408548	20,10749651	94,05230476	0,013078232	11726000	39
20220423 101503	binary	custom	TRUE	TRUE	FALSE	-100	777137	-1	31	13	TRUE	0,280861313	0,531345414	1393	443	9,984335859	17,79975974	58,38296949	0,014024855	11686000	42
20220423 103953	binary	custom	TRUE	TRUE	FALSE	-100	777137	-1	31	135	TRUE	0,039556815	0,226129796	2526	1014	0,116071014	80,07578456	99,91508793	0,013775955	11652000	76
20220423 114118	binary	custom	TRUE	TRUE	FALSE	-100	777137	-1	31	9	TRUE	0,28723	0,959101656	7	390	22,409959	0,029581104	27,58340949	0,010140678	11615000	199
20220423 101453	binary	custom	TRUE	TRUE	FALSE	-100	777137	-1	31	16	TRUE	0,249080965	0,561108039	534	597	3,422886991	61,0557794	99,18810849	0,011722071	11608000	41
20220423 114110	binary	custom	TRUE	TRUE	FALSE	-100	777137	-1	31	386	TRUE	0,030123908	0,87331929	5512	72	0,026767184	18,59402306	60,60136853	0,008349663	11608000	198
20220423 101444	binary	custom	TRUE	TRUE	FALSE	-100	777137	-1	31	19	TRUE	0,182096596	0,647766815	384	555	15,61592566	0,098221184	44,93709725	0,020733783	11574000	40
20220423 113250	binary	custom	TRUE	TRUE	FALSE	-100	777137	-1	31	69	TRUE	0,118232473	0,594172	127	1018	0,021200552	0,29290733	57,04386745	0,03059425	11522000	175
20220423 104000	binary	custom	TRUE	TRUE	FALSE	-100	777137	-1	31	12	TRUE	0,230151501	0,947434821	7818	19	22,79450213	0,896958838	39,98162558	0,013821541	11496000	77
20220423 111347	binary	custom	TRUE	TRUE	FALSE	-100	777137	-1	31	61	TRUE	0,029198742	0,208256908	108	443	0,078512698	95,24254652	62,67908562	0,008385624	11493000	138
20220423 115521	binary	custom	TRUE	TRUE	FALSE	-100	777137	-1	31	147	TRUE	0,010213842	0,299993629	1093	974	33,32276627	0,319074424	68,00158208	0,008400679	11451000	219
20220423 115746	binary	custom	TRUE	TRUE	FALSE	-100	777137	-1	31	32	TRUE	0,046699471	0,256425067	7175	716	0,039310461	53,41498728	97,60820794	0,008384205	11373000	222
20220423 114831	binary	custom	TRUE	TRUE	FALSE	-100	777137	-1	31	86	TRUE	0,070136095	0,93338732	7950	962	4,072949422	0,004932581	62,70258046	0,008981719	11372000	204
20220423 105818	binary	custom	TRUE	TRUE	FALSE	-100	777137	-1	31	26	TRUE	0,034183285	0,922149918	812	686	0,193297498	73,41936229	92,86350141	0,00833602	11352000	114
20220423 113735	binary	custom	TRUE	TRUE	FALSE	-100	777137	-1	31	69	TRUE	0,026531995	0,292772466	729	17	23,3831424	69,1012938	11,46137424	0,008541281	11346000	189
20220423 114012	binary	custom	TRUE	TRUE	FALSE	-100	777137	-1	31	17	TRUE	0,216873462	0,212965404	5845	1009	18,43161682	0,439093107	91,97851265	0,012671835	11285000	196
20220423 102227	binary	custom	TRUE	TRUE	FALSE	-100	777137	-1	31	76	TRUE	0,100941459	0,273413041	5670	209	0,094928687	75,96673662	43,78640462	0,012860109	11264000	58
20220423 101512	binary	custom	TRUE	TRUE	FALSE	-100	777137	-1	31	23	TRUE	0,172462604	0,218445887	3375	230	8,937453272	41,98968982	99,84753464	0,010848083	11240000	43
20220423 104135	binary	custom	TRUE	TRUE	FALSE	-100	777137	-1	31	29	TRUE	0,296853634	0,235091354	7191	741	0,037790833	69,78317899	99,72248681	0,015008678	11222000	80
20220423 101403	binary	custom	TRUE	TRUE	FALSE	-100	777137	-1	31	11	TRUE	0,190239495	0,357189134	2760	687	16,4998151	63,42760233	31,07477459	0,011288049	11190000	36
20220423 115814	binary	custom	TRUE	TRUE	FALSE	-100	777137	-1	31	39	TRUE	0,201525158	0,472663138	5719	1023	0,012001691	14,54401459	21,40999398	0,029917896	11188000	224
20220423 101424	binary	custom	TRUE	TRUE	FALSE	-100	777137	-1	31	23	TRUE	0,227914385	0,299718151	857	983	6,264669469	1,033992295	25,40716372	0,029249947	11142000	38
20220423 111929	binary	custom	TRUE	TRUE	FALSE	-100	777137	-1	31	180	TRUE	0,010483322	0,202126934	3678	928	38,74726355	65,51562304	11,99664843	0,010241086	11136000	145
20220423 113051	binary	custom	TRUE	TRUE	FALSE	-100	777137	-1	31	17	TRUE	0,106384607	0,961377754	7959	1024	41,07085241	0,09472638	1,392967683	0,013493219	11118000	171
20220423 114940	binary	custom	TRUE	TRUE	FALSE	-100	777137	-1	31	20	TRUE	0,275303193	0,445432058	6218	16	15,82661256	0,530710456	71,87277523	0,019601534	11118000	207
20220423 115215	binary	custom	TRUE	TRUE	FALSE	-100	777137	-1	31	95	TRUE	0,011317105	0,236015273	2010	942	82,17522924	0,895847976	91,25309624	0,008392009	11066000	214
20220423 120042	binary	custom	TRUE	TRUE	FALSE	-100	777137	-1	31	17	TRUE	0,209568971	0,202059146	7990	1023	99,78262077	7,585752728	73,47186584	0,013047393	11066000	233
20220423 104621	binary	custom	TRUE	TRUE	FALSE	-100	777137	-1	31	261	TRUE	0,031869117	0,459344368	7215	873	0,0107473	0,162034694	11,03799161	0,032614919	11065000	87
20220423 110539	binary	custom	TRUE	TRUE	FALSE	-100	777137	-1	31	90	TRUE	0,022340029	0,202011708	4099	17	18,55319155	99,50717077	3,11369653	0,01350883	11062000	131
20220423 110608	binary	custom	TRUE	TRUE	FALSE	-100	777137	-1	31	155	TRUE	0,060207736	0,21422125	1497	928	0,018783048	23,83338925	0,240661859	0,028364696	11012000	132
20220423 115104	binary	custom	TRUE	TRUE	FALSE	-100	777137	-1	31	166	TRUE	0,010624951	0,220289337	144	627	16,90327015	80,16959935	13,57925066	0,012995598	10988000	210
20220423 113351	binary	custom	TRUE	TRUE	FALSE	-100	777137	-1	31	12	TRUE	0,176950946	0,203562924	699	729	23,87938369	99,46073007	84,16672644	0,009839903	10970000	178
20220423 111837	binary	custom	TRUE	TRUE	FALSE	-100	777137	-1	31	55	TRUE	0,029059849	0,205419813	7876	527	99,57753145	39,86804925	11,14286592	0,011033124	10957000	144
20220423 110501	binary	custom	TRUE	TRUE	FALSE	-100	777137	-1	31	128	TRUE	0,042608633	0,869957986	7808	1010	0,327752148	66,55506352	27,06223124	0,013348872	10953000	129
20220423 104650	binary	custom	TRUE	TRUE	FALSE	-100	777137	-1	31	27	TRUE	0,133134373	0,200556674	7051	216	41,01349867	4,084017999	0,358381203	0,013231773	10942000	89
20220423 112938	binary	custom	TRUE	TRUE	FALSE	-100	777137	-1	31	6	TRUE	0,145551556	0,937292837	917	116	53,61328158	0,064385105	1,11087473	0,011786397	10923000	167
20220423 113023	binary	custom	TRUE	TRUE	FALSE	-100	777137	-1	31	59	TRUE	0,019710434	0,718433879	51	297	10,7020741	99,73673845	75,03826189	0,01004077	10914000	169
20220423 115626	binary	custom	TRUE	TRUE	FALSE	-100	777137	-1	31	248	TRUE	0,01008329	0,294659347	1039	921	46,93094083	0,025910456	61,65982316	0,014309916	10911000	220
20220423 112053	binary	custom	TRUE	TRUE	FALSE	-100	777137	-1	31	47	TRUE	0,021549064	0,261125408	841	42	81,37194562	6,099049027	1,603735674	0,00941648	10899000	147
20220423 105356	binary	custom	TRUE	TRUE	FALSE	-100	777137	-1	31	48	TRUE	0,043973651	0,209092408	7449	698	18,93690545	97,27092127	99,81531292	0,010803803	10882000	103
20220423 115015	binary	custom	TRUE	TRUE	FALSE	-100	777137	-1	31	41	TRUE	0,273646894	0,7273673	7553	974	0,04488243	0,051052281	23,6072542	0,032888652	10872000	209
20220423 105327	binary	custom	TRUE	TRUE	FALSE	-100	777137	-1	31	13	TRUE	0,298931622	0,229410657	2227	109	0,4717051	92,94059039	98,8844416	0,013612672	10839000	101
20220423 105416	binary	custom	TRUE	TRUE	FALSE	-100	777137	-1	31	19	TRUE	0,250658993	0,257088232	652	206	0,059609206	54,58544434	1,398174998	0,013550601	10816000	105
20220423 105424	binary	custom	TRUE	TRUE	FALSE	-100	777137	-1	31	19	TRUE	0,194665961	0,992509635	5768	662	0,15165337	97,03222247	95,32257496	0,012745882	10813000	106
20220423 115836	binary	custom	TRUE	TRUE	FALSE	-100	777137	-1	31	7	TRUE	0,294117277	0,266537796	7457	1024	99,72611438	57,56132075	99,1799058	0,00835122	10813000	226
20220423 101538	binary	custom	TRUE	TRUE	FALSE	-100	777137	-1	31	10	TRUE	0,264464926	0,607761364	2061	474	4,246172026	19,53162506	14,94818413	0,019871148	10812000	46
20220423 114748	binary	custom	TRUE	TRUE	FALSE	-100	777137	-1	31	15	TRUE	0,201570737	0,455338887	7291	782	17,59612711	0,468488411	4,471636255	0,025754012	10802000	201
20220423 101546	binary	custom	TRUE	TRUE	FALSE	-100	777137	-1	31	5	TRUE	0,273582445	0,555396989	1461	910	34,15771952	1,92856476	35,35772108	0,018237866	10795000	47
20220423 101101	binary	custom	TRUE	TRUE	FALSE	-100	777137	-1	31	29	TRUE	0,095834132	0,291503616	167	136	24,48792469	70,9030902	92,46629938	0,013458815	10793000	17
20220423 101414	binary	custom	TRUE	TRUE	FALSE	-100	777137	-1	31	13	TRUE	0,142132502	0,381443757	5502	930	24,69119199	27,25870956	38,25614498	0,0146964	10749000	37
20220423 105337	binary	custom	TRUE	TRUE	FALSE	-100	777137	-1	31	21	TRUE	0,221670057	0,209207944	2	420	29,87386694	12,08657438	32,54203179	0,012305986	10716000	102
20220423 101026	binary	custom	TRUE	TRUE	FALSE	-100	777137	-1	31	9	TRUE	0,1229561	0,76214261	7541	412	90,52999822	65,72737392	18,42013341	0,009865702	10714000	13
20220423 105406	binary	custom	TRUE	TRUE	FALSE	-100	777137	-1	31	12	TRUE	0,121235033	0,989542911	727	20	0,042715243	81,88228242	7,110069244	0,008348867	10709000	104
20220423 101530	binary	custom	TRUE	TRUE	FALSE	-100	777137	-1	31	12	TRUE	0,238203728	0,202468042	7973	1008	29,71735111	81,32404347	17,1046752	0,01129557	10706000	45
20220423 114929	binary	custom	TRUE	TRUE	FALSE	-100	777137	-1	31	92	TRUE	0,011974623	0,700290611	7577	608	82,13380812	0,609829457	0,039774032	0,011657066	10603000	206
20220423 113103	binary	custom	TRUE	TRUE	FALSE	-100	777137	-1	31	24	TRUE	0,052895161	0,887838883	612	254	99,77796546	16,3649974	0,587337566	0,011965689	10593000	172
20220423 112913	binary	custom	TRUE	TRUE	FALSE	-100	777137	-1	31	90	TRUE	0,025062196	0,892624892	200	21	41,01080232	0,045480173	98,10489803	0,008396974	10584000	165
20220423 101522	binary	custom	TRUE	TRUE	FALSE	-100	777137	-1	31	11	TRUE	0,224716153	0,48291058	1334	873	13,21935741	62,00762592	51,47698843	0,011484235	10577000	44
20220423 104700	binary	custom	TRUE	TRUE	FALSE	-100	777137	-1	31	15	TRUE	0,202598285	0,201063233	2553	1006	39,16066252	0,454194822	10,79484782	0,023001973	10575000	90
20220423 113709	binary	custom	TRUE	TRUE	FALSE	-100	777137	-1	31	7	TRUE	0,279825695	0,991385002	185	971	10,54243739	78,77598344	22,96498663	0,013282509	10537000	188
20220423 115318	binary	custom	TRUE	TRUE	FALSE	-100	777137	-1	31	66	TRUE	0,01024423	0,904655065	656	92	91,88578145	0,027062314	53,64071476	0,008403354	10533000	217
20220423 115410	binary	custom	TRUE	TRUE	FALSE	-100	777137	-1	31	61	TRUE	0,0225926	0,469785365	3060	933	99,78202722	0,112959308	25,75238827	0,012784391	10518000	218
20220423 104451	binary	custom	TRUE	TRUE	FALSE	-100	777137	-1	31	36	TRUE	0,138316191	0,475036211	131	993	0,034235214	98,24768906	22,78241211	0,014960864	10512000	85
20220423 101142	binary	custom	TRUE	TRUE	FALSE	-100	777137	-1	31	14	TRUE	0,199330332	0,250807878	6564	984	33,92504184	80,54740051	51,09780546	0,014890867	10510000	22
20220423 115114	binary	custom	TRUE	TRUE	FALSE	-100	777137	-1	31	11	TRUE	0,172342358	0,226930607	6601	923	99,98995181	95,6807532	0,060994712	0,008384661	10484000	211
20220423 101335	binary	custom	TRUE	TRUE	FALSE	-100	777137	-1	31	123	TRUE	0,023467132	0,778339401	7021	1009	17,67580112	10,631732	20,10529272	0,022083947	10471000	33
20220423 115934	binary	custom	TRUE	TRUE	FALSE	-100	777137	-1	31	6	TRUE	0,255834775	0,621575783	65	1019	99,53330637	1,142203857	99,99641038	0,01213617	10417000	230
20220423 115123	binary	custom	TRUE	TRUE	FALSE	-100	777137	-1	31	9	TRUE	0,227934137	0,969166565	1341	708	92,82822797	0,018351444	99,93576903	0,008653517	10400000	212
20220423 110508	binary	custom	TRUE	TRUE	FALSE	-100	777137	-1	31	3	TRUE	0,257034396	0,89498561	7254	133	1,806214709	73,34422749	99,74674719	0,0083823	10340000	130
20220423 115132	binary	custom	TRUE	TRUE	FALSE	-100	777137	-1	31	4	TRUE	0,243539074	0,969734548	278	715	40,14972412	0,090540952	48,05416779	0,013635967	10334000	213
20220423 114858	binary	custom	TRUE	TRUE	FALSE	-100	777137	-1	31	90	TRUE	0,034228206	0,579210089	7	1019	13,20286127	0,651055589	0,969164946	0,029255353	10331000	205
20220423 110339	binary	custom	TRUE	TRUE	FALSE	-100	777137	-1	31	87	TRUE	0,014794192	0,963795753	3278	834	24,22129395	99,41903001	0,326962166	0,008404278	10314000	126
20220423 115246	binary	custom	TRUE	TRUE	FALSE	-100	777137	-1	31	20	TRUE	0,224779807	0,870779406	7737	469	0,157271623	99,87421016	0,235147481	0,013537346	10304000	216
20220423 112758	binary	custom	TRUE	TRUE	FALSE	-100	777137	-1	31	8	TRUE	0,257323207	0,821033544	4309	978	0,033878847	99,54759886	36,26081439	0,008441963	10219000	161
20220423 101312	binary	custom	TRUE	TRUE	FALSE	-100	777137	-1	31	12	TRUE	0,291519867	0,868930621	1672	369	13,7506695	31,06851677	99,23789757	0,019955264	10178000	32
20220423 115849	binary	custom	TRUE	TRUE	FALSE	-100	777137	-1	31	9	TRUE	0,126757885	0,423449469	7979	513	99,85255027	12,81153839	99,29664388	0,008351876	10160000	227
20220423 120030	binary	custom	TRUE	TRUE	FALSE	-100	777137	-1	31	4	TRUE	0,299972675	0,959317816	2396	541	22,51815606	52,12122074	99,83763375	0,008335591	10135000	232
20220423 101134	binary	custom	TRUE	TRUE	FALSE	-100	777137	-1	31	11	TRUE	0,218363197	0,74927779	6108	619	41,15907763	8,490678394	34,82277789	0,008565737	10121000	21
20220423 113701	binary	custom	TRUE	TRUE	FALSE	-100	777137	-1	31	28	TRUE	0,018261188	0,911163989	1811	536	96,55418947	68,95552899	1,414228621	0,00834728	10075000	187
20220423 115758	binary	custom	TRUE	TRUE	FALSE	-100	777137	-1	31	14	TRUE	0,118705696	0,272501778	39	28	99,90353261	0,176436539	2,238414344	0,015597435	10029000	223
20220423 112750	binary	custom	TRUE	TRUE	FALSE	-100	777137	-1	31	73	TRUE	0,012538891	0,762684212	7781	983	99,75723004	47,94345949	49,36661884	0,008339599	10021000	160
20220423 100208	binary	custom	TRUE	TRUE	FALSE	-100	777137	-1	31	22	TRUE	0,097895915	0,827873786	4110	362	43,4236098	39,74396194	70,29132676	0,02006036	9936000	2
20220423 101243	binary	custom	TRUE	TRUE	FALSE	-100	777137	-1	31	15	TRUE	0,250335363	0,492001445	656	883	2,102015317	38,78410909	2,107014159	0,035008543	9902000	30
20220423 114756	binary	custom	TRUE	TRUE	FALSE	-100	777137	-1	31	2	TRUE	0,259289003	0,902162473	912	17	27,50533234	99,87904291	23,22313549	0,00835107	9639000	202
20220423 101049	binary	custom	TRUE	TRUE	FALSE	-100	777137	-1	31	3	TRUE	0,238632234	0,531828312	1016	69	82,91548133	15,4112479	32,91279749	0,013995071	9619000	16
20220423 103200	binary	custom	TRUE	TRUE	FALSE	-100	777137	-1	31	2	TRUE	0,17425348	0,800562124	7361	16	38,79469464	61,90687757	0,332737035	0,008431046	9497000	68
20220423 101553	binary	custom	TRUE	TRUE	FALSE	-100	777137	-1	31	5	TRUE	0,186391062	0,655463367	2242	620	92,72726847	21,63529791	7,360290816	0,008394716	9447000	48
20220423 112723	binary	custom	TRUE	TRUE	FALSE	-100	777137	-1	31	11	TRUE	0,207652371	0,220760667	6994	16	90,43760331	1,926532461	5,298890276	0,009979143	9370000	159
20220423 115827	binary	custom	TRUE	TRUE	FALSE	-100	777137	-1	31	24	TRUE	0,25405109	0,201022376	14	685	0,020695877	99,9201948	6,049655465	0,024476869	9203000	225
20220423 101032	binary	custom	TRUE	TRUE	FALSE	-100	777137	-1	31	12	TRUE	0,207389676	0,671272935	2330	913	40,15585494	3,044816326	55,49333454	0,030170903	9166000	14
20220423 104142	binary	custom	TRUE	TRUE	FALSE	-100	777137	-1	31	2	TRUE	0,297629954	0,877840995	7988	133	96,23910758	1,932764222	23,34881369	0,010348269	8944000	81
20220423 104752	binary	custom	TRUE	TRUE	FALSE	-100	777137	-1	31	12	TRUE	0,243359817	0,200718756	2897	1021	61,23360325	0,694638166	1,679507112	0,012742502	8934000	93
20220423 100953	binary	custom	TRUE	TRUE	FALSE	-100	777137	-1	31	55	TRUE	0,061380883	0,566361662	4523	536	11,83120014	22,56272028	39,36961835	0,032507391	8901000	10
20220423 104905	binary	custom	TRUE	TRUE	FALSE	-100	777137	-1	31	21	TRUE	0,261084262	0,277106581	359	528	0,093241902	0,587066093	1,48782398	0,033489938	8837000	95
20220423 110246	binary	custom	TRUE	TRUE	FALSE	-100	777137	-1	31	4	TRUE	0,254152727	0,999465485	7164	663	82,63062758	44,6776576	0,185226808	0,008346232	8782000	124
20220423 110239	binary	custom	TRUE	TRUE	FALSE	-100	777137	-1	31	1	TRUE	0,257280821	0,608637495	135	17	99,58281101	62,46730794	0,214855412	0,0083605	8284000	123
20220423 113416	binary	custom	TRUE	TRUE	FALSE	-100	777137	-1	31	77	TRUE	0,032260784	0,369136159	7588	1010	5,975976373	96,2045302	0,652427766	0,022179624	8007000	179
20220423 101123	binary	custom	TRUE	TRUE	FALSE	-100	777137	-1	31	3	TRUE	0,266380637	0,930237583	4292	940	94,5737882	90,82791569	28,51408006	0,011962426	7864000	19
20220423 100928	binary	custom	TRUE	TRUE	FALSE	-100	777137	-1	31	14	TRUE	0,16571826	0,245240766	5302	752	63,72955743	56,74954757	13,46855081	0,021092217	6018000	8
20220423 100135	binary	custom	TRUE	TRUE	FALSE	-100	777137	-1	31	1	TRUE	0,241426899	0,916064501	1754	482	36,41828619	77,46199166	66,15061443	0,029204281	0	1
20220423 100844	binary	custom	TRUE	TRUE	FALSE	-100	777137	-1	31	1	TRUE	0,18038478	0,309630652	3659	454	80,11943646	46,46240286	23,28151813	0,038036077	0	3
20220423 100856	binary	custom	TRUE	TRUE	FALSE	-100	777137	-1	31	1	TRUE	0,087957071	0,414380342	5606	334	73,70412226	84,21533268	63,82948854	0,016508993	0	4
20220423 100905	binary	custom	TRUE	TRUE	FALSE	-100	777137	-1	31	1	TRUE	0,155992182	0,438876462	3258	737	54,88716567	76,70787537	47,45737863	0,029040266	0	5
20220423 100913	binary	custom	TRUE	TRUE	FALSE	-100	777137	-1	31	1	TRUE	0,12985729	0,607369105	5806	187	52,4657279	20,65315518	76,85967719	0,045974227	0	6
20220423 100919	binary	custom	TRUE	TRUE	FALSE	-100	777137	-1	31	1	TRUE	0,147835662	0,684133934	2907	241	45,3433244	49,49740553	59,73803899	0,027141081	0	7
20220423 100934	binary	custom	TRUE	TRUE	FALSE	-100	777137	-1	31	1	TRUE	0,233876523	0,969563703	5009	671	28,29319915	41,2781893	69,95749664	0,030493293	0	9
20220423 101013	binary	custom	TRUE	TRUE	FALSE	-100	777137	-1	31	1	TRUE	0,029169002	0,354645835	1425	608	90,90715703	60,44149878	41,06974142	0,039739999	0	11
20220423 101020	binary	custom	TRUE	TRUE	FALSE	-100	777137	-1	31	1	TRUE	0,186804442	0,594210891	2046	699	25,86098389	98,19565526	67,22088476	0,041806673	0	12
20220423 101040	binary	custom	TRUE	TRUE	FALSE	-100	777137	-1	31	1	TRUE	0,277450272	0,472594789	951	461	70,14453558	74,5121218	87,38105927	0,01815005	0	15
20220423 101119	binary	custom	TRUE	TRUE	FALSE	-100	777137	-1	31	1	TRUE	0,039123868	0,395102122	1992	512	8,811708919	55,77803533	9,706179624	0,049549286	0	18
20220423 101128	binary	custom	TRUE	TRUE	FALSE	-100	777137	-1	31	1	TRUE	0,257573664	0,808738121	6891	299	58,1793042	26,14733794	95,97391911	0,046162535	0	20
20220423 101150	binary	custom	TRUE	TRUE	FALSE	-100	777137	-1	31	1	TRUE	0,071606637	0,644933368	4815	101	84,39463383	17,23498313	78,56009566	0,025934136	0	23
20220423 101156	binary	custom	TRUE	TRUE	FALSE	-100	777137	-1	31	1	TRUE	0,101988269	0,906969422	365	802	68,06762248	63,01117317	57,36834306	0,022974875	0	24
20220423 101204	binary	custom	TRUE	TRUE	FALSE	-100	777137	-1	31	1	TRUE	0,225067639	0,516720538	6280	562	49,48765864	36,68392361	6,568484513	0,048089113	0	25
20220423 101213	binary	custom	TRUE	TRUE	FALSE	-100	777137	-1	31	1	TRUE	0,047901214	0,992459585	2654	230	61,4447104	32,29809048	3,295121659	0,036801101	0	26
20220423 101222	binary	custom	TRUE	TRUE	FALSE	-100	777137	-1	31	1	TRUE	0,117002784	0,204328762	4196	820	35,78141436	4,602774785	89,90448659	0,043353159	0	27
20220423 101229	binary	custom	TRUE	TRUE	FALSE	-100	777137	-1	31	1	TRUE	0,082001436	0,825655394	7473	841	99,02323606	85,05490858	27,89181109	0,044351493	0	28
20220423 101233	binary	custom	TRUE	TRUE	FALSE	-100	777137	-1	31	1	TRUE	0,28826267	0,887651644	7934	143	21,07512301	94,20437219	74,19662288	0,033373707	0	29
20220423 101307	binary	custom	TRUE	TRUE	FALSE	-100	777137	-1	31	1	TRUE	0,016559379	0,707463268	3163	20	3,288225113	51,16360405	82,87410932	0,038556044	0	31
20220423 101343	binary	custom	TRUE	TRUE	FALSE	-100	777137	-1	31	1	TRUE	0,144759854	0,328892871	3912	318	76,13532186	90,09623393	46,52678425	0,024925884	0	34
