fecha	objective	metric	first_metric_only	boost_from_average	feature_pre_filter	verbosity	seed	max_depth	min_gain_to_split	lambda_l1	lambda_l2	max_bin	num_iterations	force_row_wise	learning_rate	feature_fraction	min_data_in_leaf	num_leaves	prob_corte	ganancia	iteracion
20220418 210313	binary	custom	TRUE	TRUE	FALSE	-100	777137	-1	0	0	0	31	28	TRUE	0.159518132001627	0.607175080971792	636	719	0.0343819029483711	8231000	1
20220418 210343	binary	custom	TRUE	TRUE	FALSE	-100	777137	-1	0	0	0	31	89	TRUE	0.0793826848169556	0.738319449601695	5809	141	0.0416090855481646	9439000	2
20220418 210400	binary	custom	TRUE	TRUE	FALSE	-100	777137	-1	0	0	0	31	37	TRUE	0.251816935714334	0.364276063116267	6502	453	0.0228542365376294	12631000	3
20220418 210433	binary	custom	TRUE	TRUE	FALSE	-100	777137	-1	0	0	0	31	15	TRUE	0.199410215042531	0.808371880333871	1045	109	0.018211207765853	11600000	4
20220418 210505	binary	custom	TRUE	TRUE	FALSE	-100	777137	-1	0	0	0	31	24	TRUE	0.174418484438909	0.52952339053154	1497	815	0.0232725971300776	11615000	5
20220418 210521	binary	custom	TRUE	TRUE	FALSE	-100	777137	-1	0	0	0	31	32	TRUE	0.196764500414021	0.707400284614414	4567	499	0.0422504487539603	9004000	6
20220418 210606	binary	custom	TRUE	TRUE	FALSE	-100	777137	-1	0	0	0	31	112	TRUE	0.0475619684065459	0.51891799479723	4355	49	0.0150854888173247	13756000	7
20220418 210626	binary	custom	TRUE	TRUE	FALSE	-100	777137	-1	0	0	0	31	22	TRUE	0.272522048190469	0.595010148622096	3101	397	0.0253371860827125	11214000	8
20220418 210649	binary	custom	TRUE	TRUE	FALSE	-100	777137	-1	0	0	0	31	55	TRUE	0.0936502480099443	0.453930657124147	7013	852	0.0319437643479129	11320000	9
20220418 210709	binary	custom	TRUE	TRUE	FALSE	-100	777137	-1	0	0	0	31	50	TRUE	0.10617736250814	0.218168883398175	5054	559	0.0124663987910026	12993000	10
20220418 210724	binary	custom	TRUE	TRUE	FALSE	-100	777137	-1	0	0	0	31	39	TRUE	0.241048317713896	0.296279337136075	5527	230	0.0455788662007156	8642000	11
20220418 210745	binary	custom	TRUE	TRUE	FALSE	-100	777137	-1	0	0	0	31	38	TRUE	0.126646827731282	0.894332734560594	3565	173	0.0368111476918178	10201000	12
20220418 210944	binary	custom	TRUE	TRUE	FALSE	-100	777137	-1	0	0	0	31	339	TRUE	0.0121908624678617	0.995931047089398	3737	634	0.0271117434832073	11923000	13
20220418 211521	binary	custom	TRUE	TRUE	FALSE	-100	777137	-1	0	0	0	31	44	TRUE	0.0556655576888006	0.326294793719426	161	967	0.0385615080459199	6260000	14
20220418 211540	binary	custom	TRUE	TRUE	FALSE	-100	777137	-1	0	0	0	31	13	TRUE	0.260420171678183	0.855861052880064	1651	591	0.0144504992344688	11486000	15
20220418 211554	binary	custom	TRUE	TRUE	FALSE	-100	777137	-1	0	0	0	31	39	TRUE	0.113190980421961	0.677354152789339	7743	333	0.00949061906673402	11963000	16
20220418 211613	binary	custom	TRUE	TRUE	FALSE	-100	777137	-1	0	0	0	31	33	TRUE	0.292370082505862	0.79118352515623	2201	731	0.0496367627143627	7639000	17
20220418 211625	binary	custom	TRUE	TRUE	FALSE	-100	777137	-1	0	0	0	31	31	TRUE	0.217977532953257	0.279885361734778	7226	976	0.0196154688795408	13026000	18
20220418 211712	binary	custom	TRUE	TRUE	FALSE	-100	777137	-1	0	0	0	31	217	TRUE	0.0297627939089434	0.938158050114289	6064	885	0.0477201441589083	8431000	19
20220418 211735	binary	custom	TRUE	TRUE	FALSE	-100	777137	-1	0	0	0	31	43	TRUE	0.153183203156455	0.428611361123622	2798	315	0.0311497521455749	11112000	20
20220418 211954	binary	custom	TRUE	TRUE	FALSE	-100	777137	-1	0	0	0	31	671	TRUE	0.010108990475159	0.289205824441928	5698	146	0.0184385526250812	13415000	21
20220418 212057	binary	custom	TRUE	TRUE	FALSE	-100	777137	-1	0	0	0	31	244	TRUE	0.0278712255720998	0.522204633803332	5720	697	0.0175289459351715	13539000	22
20220418 212347	binary	custom	TRUE	TRUE	FALSE	-100	777137	-1	0	0	0	31	980	TRUE	0.0109219164958405	0.305842304248295	3257	16	0.0144304154724201	13715000	23
20220418 212636	binary	custom	TRUE	TRUE	FALSE	-100	777137	-1	0	0	0	31	618	TRUE	0.0102247797054856	0.45829676348403	3902	248	0.0152215267709911	13865000	24
20220418 212751	binary	custom	TRUE	TRUE	FALSE	-100	777137	-1	0	0	0	31	266	TRUE	0.0300226111905507	0.406828744477073	4131	407	0.0167249010010813	13527000	25
20220418 213028	binary	custom	TRUE	TRUE	FALSE	-100	777137	-1	0	0	0	31	719	TRUE	0.0101496845776875	0.91603684926856	4062	69	0.0139967616867312	13511000	26
20220418 213346	binary	custom	TRUE	TRUE	FALSE	-100	777137	-1	0	0	0	31	624	TRUE	0.0100959435933146	0.520381168910407	4379	1010	0.0141748527294371	13692000	27
20220418 213738	binary	custom	TRUE	TRUE	FALSE	-100	777137	-1	0	0	0	31	860	TRUE	0.0101377862199469	0.475248902452083	3878	95	0.0135397483195073	13914000	28
20220418 214457	binary	custom	TRUE	TRUE	FALSE	-100	777137	-1	0	0	0	31	1673	TRUE	0.0100699701963565	0.550249832574124	2809	820	0.00867064496985337	13014000	29
20220418 214808	binary	custom	TRUE	TRUE	FALSE	-100	777137	-1	0	0	0	31	966	TRUE	0.0100524262806738	0.361996329157195	6580	1023	0.0148396896498481	13539000	30
20220418 215051	binary	custom	TRUE	TRUE	FALSE	-100	777137	-1	0	0	0	31	846	TRUE	0.0100793976369334	0.998834071255421	5676	1012	0.0149938230767691	13192000	31
20220418 215418	binary	custom	TRUE	TRUE	FALSE	-100	777137	-1	0	0	0	31	750	TRUE	0.0101495023097259	0.574603724370605	3575	88	0.0146868847041729	13960000	32
20220418 215756	binary	custom	TRUE	TRUE	FALSE	-100	777137	-1	0	0	0	31	681	TRUE	0.0102986075358759	0.529718046939492	2858	131	0.0138689257660095	13860000	33
20220418 215951	binary	custom	TRUE	TRUE	FALSE	-100	777137	-1	0	0	0	31	349	TRUE	0.0102490711487809	0.491769131414551	5978	1024	0.021052355723712	12888000	34
20220418 220316	binary	custom	TRUE	TRUE	FALSE	-100	777137	-1	0	0	0	31	932	TRUE	0.0101799602936856	0.384362791918667	4173	801	0.0146509300444401	13873000	35
20220418 220559	binary	custom	TRUE	TRUE	FALSE	-100	777137	-1	0	0	0	31	598	TRUE	0.0103770176486689	0.566788093066291	4750	783	0.0141896561802928	14058000	36
20220418 220825	binary	custom	TRUE	TRUE	FALSE	-100	777137	-1	0	0	0	31	579	TRUE	0.0103193330570647	0.600934005163287	4541	635	0.0142361145782735	13921000	37
20220418 221138	binary	custom	TRUE	TRUE	FALSE	-100	777137	-1	0	0	0	31	847	TRUE	0.0100899572350005	0.510558313851283	5073	782	0.0140314853081468	13713000	38
20220418 221346	binary	custom	TRUE	TRUE	FALSE	-100	777137	-1	0	0	0	31	445	TRUE	0.0107111934425418	0.685379915893642	4074	835	0.0153056550496595	13772000	39
20220418 221519	binary	custom	TRUE	TRUE	FALSE	-100	777137	-1	0	0	0	31	295	TRUE	0.0200938342009382	0.581081615576323	4212	813	0.0148795704748289	14061000	40
20220418 221748	binary	custom	TRUE	TRUE	FALSE	-100	777137	-1	0	0	0	31	591	TRUE	0.0101712355339529	0.200944657930399	3899	935	0.0149139152695478	13718000	41
20220418 221939	binary	custom	TRUE	TRUE	FALSE	-100	777137	-1	0	0	0	31	608	TRUE	0.0190763531327522	0.602450914918969	6830	866	0.0151204617692492	13525000	42
20220418 222001	binary	custom	TRUE	TRUE	FALSE	-100	777137	-1	0	0	0	31	48	TRUE	0.110267402544365	0.307747036042021	4386	1024	0.0145268237778078	13163000	43
20220418 222234	binary	custom	TRUE	TRUE	FALSE	-100	777137	-1	0	0	0	31	1049	TRUE	0.010205460474291	0.200094811269827	7997	764	0.0179427381899971	13538000	44
20220418 222605	binary	custom	TRUE	TRUE	FALSE	-100	777137	-1	0	0	0	31	1025	TRUE	0.0102373904120051	0.364500143688873	4351	173	0.0139912084156403	14065000	45
20220418 222933	binary	custom	TRUE	TRUE	FALSE	-100	777137	-1	0	0	0	31	1170	TRUE	0.0100980972271631	0.200076792792017	4281	195	0.0138942770062317	13643000	46
20220418 223147	binary	custom	TRUE	TRUE	FALSE	-100	777137	-1	0	0	0	31	569	TRUE	0.0100718240682633	0.356148756618948	4300	16	0.00860366522538543	11674000	47
20220418 223519	binary	custom	TRUE	TRUE	FALSE	-100	777137	-1	0	0	0	31	791	TRUE	0.0100963979239328	0.587542803526583	3534	825	0.0133841258141555	13744000	48
20220418 223755	binary	custom	TRUE	TRUE	FALSE	-100	777137	-1	0	0	0	31	682	TRUE	0.0100548252104012	0.263677359872874	5103	793	0.0158647141311269	13602000	49
20220418 223907	binary	custom	TRUE	TRUE	FALSE	-100	777137	-1	0	0	0	31	436	TRUE	0.0254167053703482	0.200909634092617	7972	82	0.0268088593529483	11951000	50
20220418 224119	binary	custom	TRUE	TRUE	FALSE	-100	777137	-1	0	0	0	31	478	TRUE	0.0102142283179481	0.998488250817313	4418	811	0.00835679079998116	11861000	51
20220418 224348	binary	custom	TRUE	TRUE	FALSE	-100	777137	-1	0	0	0	31	848	TRUE	0.0103828040977199	0.998747589931867	6129	173	0.0186615946497719	12841000	52
20220418 224705	binary	custom	TRUE	TRUE	FALSE	-100	777137	-1	0	0	0	31	1237	TRUE	0.0101242045758522	0.369365107087331	7998	112	0.0144967564495039	13414000	53
20220418 225355	binary	custom	TRUE	TRUE	FALSE	-100	777137	-1	0	0	0	31	186	TRUE	0.0101673892959305	0.364954518962052	9	188	0.0141308559143356	8688000	54
20220418 225424	binary	custom	TRUE	TRUE	FALSE	-100	777137	-1	0	0	0	31	69	TRUE	0.0798381782787541	0.462730262150877	4105	152	0.0150905669995341	13335000	55
20220418 225440	binary	custom	TRUE	TRUE	FALSE	-100	777137	-1	0	0	0	31	67	TRUE	0.18316952358088	0.200099297155226	7999	886	0.0129554242175183	13052000	56
20220418 225721	binary	custom	TRUE	TRUE	FALSE	-100	777137	-1	0	0	0	31	865	TRUE	0.010029499063052	0.397976632093437	7997	454	0.0166981105781952	13543000	57
20220418 225913	binary	custom	TRUE	TRUE	FALSE	-100	777137	-1	0	0	0	31	431	TRUE	0.0110581664177192	0.87608723296444	4470	828	0.0182583553178346	13176000	58
20220418 225928	binary	custom	TRUE	TRUE	FALSE	-100	777137	-1	0	0	0	31	44	TRUE	0.167992868694695	0.60888302645334	7998	697	0.0200649718682431	12991000	59
20220418 230224	binary	custom	TRUE	TRUE	FALSE	-100	777137	-1	0	0	0	31	667	TRUE	0.0101284703835561	0.486083049542285	4697	188	0.0142934275971914	13752000	60
20220418 230433	binary	custom	TRUE	TRUE	FALSE	-100	777137	-1	0	0	0	31	596	TRUE	0.0101266124197577	0.777753553869032	2872	19	0.0195560041157027	12992000	61
20220418 230642	binary	custom	TRUE	TRUE	FALSE	-100	777137	-1	0	0	0	31	719	TRUE	0.0107545453352714	0.213655439393665	7203	564	0.0221483659320111	12896000	62
20220418 230654	binary	custom	TRUE	TRUE	FALSE	-100	777137	-1	0	0	0	31	20	TRUE	0.223240421320122	0.971943127780282	7999	866	0.0155547367666445	13152000	63
20220418 230709	binary	custom	TRUE	TRUE	FALSE	-100	777137	-1	0	0	0	31	25	TRUE	0.240897006926254	0.595727331447788	4598	762	0.0155618228025739	12812000	64
20220418 230735	binary	custom	TRUE	TRUE	FALSE	-100	777137	-1	0	0	0	31	88	TRUE	0.0553053489026252	0.800678022465296	5833	797	0.0148518041047688	13575000	65
20220418 230758	binary	custom	TRUE	TRUE	FALSE	-100	777137	-1	0	0	0	31	106	TRUE	0.0767847029319692	0.997926995310719	7997	564	0.0156473097932241	13465000	66
20220418 230843	binary	custom	TRUE	TRUE	FALSE	-100	777137	-1	0	0	0	31	184	TRUE	0.0375271148990877	0.859520277277797	7999	1024	0.0157340834833427	13366000	67
20220418 231120	binary	custom	TRUE	TRUE	FALSE	-100	777137	-1	0	0	0	31	459	TRUE	0.0120601151026172	0.55246478214917	4264	640	0.0147393835543124	14010000	68
20220418 231131	binary	custom	TRUE	TRUE	FALSE	-100	777137	-1	0	0	0	31	29	TRUE	0.228407161616357	0.200880254167854	7997	524	0.015937098724498	12764000	69
20220418 231419	binary	custom	TRUE	TRUE	FALSE	-100	777137	-1	0	0	0	31	1166	TRUE	0.0104995755368763	0.999803498808859	7666	747	0.0162471068808183	13340000	70
20220418 231436	binary	custom	TRUE	TRUE	FALSE	-100	777137	-1	0	0	0	31	51	TRUE	0.123913511602536	0.998822904015549	8000	1023	0.0239302737273945	12331000	71
20220418 231548	binary	custom	TRUE	TRUE	FALSE	-100	777137	-1	0	0	0	31	167	TRUE	0.0245507469428187	0.568034208375587	4385	749	0.0150700482814036	13600000	72
20220418 231958	binary	custom	TRUE	TRUE	FALSE	-100	777137	-1	0	0	0	31	879	TRUE	0.0102144263374714	0.329597043749957	4189	556	0.0143782409483194	13925000	73
20220418 232242	binary	custom	TRUE	TRUE	FALSE	-100	777137	-1	0	0	0	31	963	TRUE	0.0102253947255199	0.920781262236296	7995	16	0.0151158945602681	13196000	74
20220418 232254	binary	custom	TRUE	TRUE	FALSE	-100	777137	-1	0	0	0	31	20	TRUE	0.29251794280524	0.99950815487823	7218	19	0.0160204526009985	13135000	75
20220418 232306	binary	custom	TRUE	TRUE	FALSE	-100	777137	-1	0	0	0	31	30	TRUE	0.297308967898908	0.998663905126931	8000	432	0.0186618523559337	13630000	76
20220418 232319	binary	custom	TRUE	TRUE	FALSE	-100	777137	-1	0	0	0	31	24	TRUE	0.233171159914456	0.998269603949728	8000	485	0.0278285335273358	11554000	77
20220418 232601	binary	custom	TRUE	TRUE	FALSE	-100	777137	-1	0	0	0	31	427	TRUE	0.0102868839207249	0.554233239141817	4663	603	0.0177449648974227	13665000	78
20220418 232844	binary	custom	TRUE	TRUE	FALSE	-100	777137	-1	0	0	0	31	666	TRUE	0.01062951115384	0.330205303446986	6035	303	0.0143936826317449	13508000	79
20220418 233230	binary	custom	TRUE	TRUE	FALSE	-100	777137	-1	0	0	0	31	783	TRUE	0.0106395658836	0.546810362107924	4114	443	0.0137665388707615	13923000	80
20220418 233241	binary	custom	TRUE	TRUE	FALSE	-100	777137	-1	0	0	0	31	14	TRUE	0.279250577585902	0.999875595776632	7998	349	0.0144423918221877	12877000	81
20220418 233549	binary	custom	TRUE	TRUE	FALSE	-100	777137	-1	0	0	0	31	902	TRUE	0.0101230524775888	0.359155754280109	6474	16	0.0166813252363272	13638000	82
20220418 233857	binary	custom	TRUE	TRUE	FALSE	-100	777137	-1	0	0	0	31	839	TRUE	0.0101118815530476	0.200106059326046	4589	895	0.0111516780681398	13022000	83
20220418 233924	binary	custom	TRUE	TRUE	FALSE	-100	777137	-1	0	0	0	31	94	TRUE	0.0596808879892675	0.914520753492127	7997	450	0.0183599308379224	13172000	84
20220418 233936	binary	custom	TRUE	TRUE	FALSE	-100	777137	-1	0	0	0	31	15	TRUE	0.283154839245679	0.999953382208817	6606	623	0.0186564698531712	12504000	85
20220418 233948	binary	custom	TRUE	TRUE	FALSE	-100	777137	-1	0	0	0	31	29	TRUE	0.25468073962677	0.953522734828608	7996	18	0.0210145391920487	12995000	86
20220418 234322	binary	custom	TRUE	TRUE	FALSE	-100	777137	-1	0	0	0	31	836	TRUE	0.0103136881053699	0.366738300429583	4248	63	0.014813932294989	13741000	87
20220418 234631	binary	custom	TRUE	TRUE	FALSE	-100	777137	-1	0	0	0	31	634	TRUE	0.0105790697040011	0.359376943729027	3885	264	0.0135797383980915	13898000	88
20220418 234824	binary	custom	TRUE	TRUE	FALSE	-100	777137	-1	0	0	0	31	521	TRUE	0.0123352768067434	0.587789690149721	3408	17	0.0140180501317225	13646000	89
20220418 234851	binary	custom	TRUE	TRUE	FALSE	-100	777137	-1	0	0	0	31	105	TRUE	0.0917112383951839	0.207429277676369	7820	997	0.0173261086329825	13113000	90
20220418 234910	binary	custom	TRUE	TRUE	FALSE	-100	777137	-1	0	0	0	31	65	TRUE	0.137534743056648	0.990972816022346	6552	16	0.0169282430744991	13273000	91
20220418 234924	binary	custom	TRUE	TRUE	FALSE	-100	777137	-1	0	0	0	31	29	TRUE	0.299425327145799	0.618466992784623	7993	1023	0.0143216795696133	12592000	92
20220418 235058	binary	custom	TRUE	TRUE	FALSE	-100	777137	-1	0	0	0	31	299	TRUE	0.018922172684203	0.605466796077395	4619	792	0.0155600510888151	13804000	93
20220418 235127	binary	custom	TRUE	TRUE	FALSE	-100	777137	-1	0	0	0	31	55	TRUE	0.0559086143279597	0.548262943910266	7608	16	0.0179484207335974	13377000	94
20220418 235152	binary	custom	TRUE	TRUE	FALSE	-100	777137	-1	0	0	0	31	76	TRUE	0.291945206220338	0.293948654594813	4039	842	0.00836928625887316	11314000	95
20220418 235517	binary	custom	TRUE	TRUE	FALSE	-100	777137	-1	0	0	0	31	692	TRUE	0.0110815904629859	0.400577092407528	3646	160	0.0141986826037686	13573000	96
20220418 235637	binary	custom	TRUE	TRUE	FALSE	-100	777137	-1	0	0	0	31	247	TRUE	0.0270891115275817	0.57094932391267	4723	880	0.0140671487785878	13866000	97
20220418 235812	binary	custom	TRUE	TRUE	FALSE	-100	777137	-1	0	0	0	31	432	TRUE	0.0215032906108304	0.356302004883783	7312	630	0.0178125036768088	13826000	98
20220419 000044	binary	custom	TRUE	TRUE	FALSE	-100	777137	-1	0	0	0	31	555	TRUE	0.010073374526211	0.35915896373474	6289	828	0.0186650609582253	13442000	99
20220419 000427	binary	custom	TRUE	TRUE	FALSE	-100	777137	-1	0	0	0	31	772	TRUE	0.0107900948333318	0.559649730935437	4089	230	0.0167327885756582	13790000	100
20220419 000808	binary	custom	TRUE	TRUE	FALSE	-100	777137	-1	0	0	0	31	1103	TRUE	0.0113315146948617	0.551655124745436	7926	617	0.0141277502563705	13187000	101
20220419 001129	binary	custom	TRUE	TRUE	FALSE	-100	777137	-1	0	0	0	31	651	TRUE	0.0103735270496722	0.559789389252698	4218	596	0.011572246573423	13381000	102
20220419 001329	binary	custom	TRUE	TRUE	FALSE	-100	777137	-1	0	0	0	31	469	TRUE	0.0153270988792236	0.734643726521373	4094	106	0.0138186864932332	13808000	103
20220419 001646	binary	custom	TRUE	TRUE	FALSE	-100	777137	-1	0	0	0	31	796	TRUE	0.0101821770476772	0.300294557519516	4386	114	0.0142089859797766	13680000	104
20220419 001909	binary	custom	TRUE	TRUE	FALSE	-100	777137	-1	0	0	0	31	611	TRUE	0.0106271546543051	0.355494399639169	7963	211	0.0190508153887101	13373000	105
20220419 002127	binary	custom	TRUE	TRUE	FALSE	-100	777137	-1	0	0	0	31	849	TRUE	0.01049855282038	0.201725332384603	3062	16	0.0204099027383597	13658000	106
20220419 002318	binary	custom	TRUE	TRUE	FALSE	-100	777137	-1	0	0	0	31	335	TRUE	0.0100426363414639	0.514537741459468	3203	17	0.0178270088693646	13623000	107
20220419 002600	binary	custom	TRUE	TRUE	FALSE	-100	777137	-1	0	0	0	31	573	TRUE	0.012119734633425	0.347829008030051	4277	228	0.0167506003145092	13722000	108
20220419 002817	binary	custom	TRUE	TRUE	FALSE	-100	777137	-1	0	0	0	31	403	TRUE	0.0105813143523799	0.819288280083003	3953	279	0.014771927244198	13624000	109
20220419 003058	binary	custom	TRUE	TRUE	FALSE	-100	777137	-1	0	0	0	31	496	TRUE	0.0102706531345673	0.587807795018276	3035	32	0.0156894773046493	13935000	110
20220419 003138	binary	custom	TRUE	TRUE	FALSE	-100	777137	-1	0	0	0	31	145	TRUE	0.0319984909769991	0.32607153774112	4391	16	0.0224354704327852	13245000	111
20220419 003258	binary	custom	TRUE	TRUE	FALSE	-100	777137	-1	0	0	0	31	287	TRUE	0.022506167586021	0.204004283034843	4329	627	0.0178636959427075	13407000	112
20220419 003314	binary	custom	TRUE	TRUE	FALSE	-100	777137	-1	0	0	0	31	48	TRUE	0.278480778048397	0.223961133647424	8000	855	0.0253274368157575	12245000	113
20220419 003327	binary	custom	TRUE	TRUE	FALSE	-100	777137	-1	0	0	0	31	27	TRUE	0.29857715995282	0.260675814420111	7501	16	0.0200387109705886	13016000	114
20220419 003619	binary	custom	TRUE	TRUE	FALSE	-100	777137	-1	0	0	0	31	904	TRUE	0.010069829525983	0.201944241364828	6634	642	0.0140200510603632	13668000	115
20220419 003630	binary	custom	TRUE	TRUE	FALSE	-100	777137	-1	0	0	0	31	16	TRUE	0.254720979192949	0.810155644158206	7986	98	0.0174168978861683	13218000	116
20220419 003643	binary	custom	TRUE	TRUE	FALSE	-100	777137	-1	0	0	0	31	16	TRUE	0.299812703434054	0.750040728360776	5813	1024	0.0191040680632395	12813000	117
20220419 003928	binary	custom	TRUE	TRUE	FALSE	-100	777137	-1	0	0	0	31	658	TRUE	0.0100223473972612	0.335213494968472	5992	543	0.0174889777814227	13402000	118
20220419 004153	binary	custom	TRUE	TRUE	FALSE	-100	777137	-1	0	0	0	31	745	TRUE	0.0122438311459642	0.281978845797915	7973	815	0.0145025228110828	13545000	119
20220419 004208	binary	custom	TRUE	TRUE	FALSE	-100	777137	-1	0	0	0	31	24	TRUE	0.298956098589723	0.408609098108639	7970	803	0.018009131884856	13617000	120
