fecha	objective	metric	first_metric_only	boost_from_average	feature_pre_filter	verbosity	seed	max_depth	min_gain_to_split	lambda_l1	lambda_l2	max_bin	num_iterations	force_row_wise	learning_rate	feature_fraction	min_data_in_leaf	num_leaves	prob_corte	ganancia	iteracion
20220425 234301	binary	custom	TRUE	TRUE	FALSE	-100	777137	-1	0	0	0	31	31	TRUE	0.186780767812859	0.361497150305659	3312	700	0.0404502933364711	31389000	1
20220425 234334	binary	custom	TRUE	TRUE	FALSE	-100	777137	-1	0	0	0	31	26	TRUE	0.154864319614135	0.648886037440971	1933	309	0.0313862302243554	32400000	2
20220425 234356	binary	custom	TRUE	TRUE	FALSE	-100	777137	-1	0	0	0	31	18	TRUE	0.221298811851302	0.610734502086416	3805	632	0.024799280015092	35316000	3
20220425 234642	binary	custom	TRUE	TRUE	FALSE	-100	777137	-1	0	0	0	31	18	TRUE	0.0760365364773897	0.226854217508808	72	493	0.0173537353800687	31191000	4
20220425 234714	binary	custom	TRUE	TRUE	FALSE	-100	777137	-1	0	0	0	31	58	TRUE	0.103806696530781	0.479965064907447	5084	407	0.026225090061295	34582000	5
20220425 234810	binary	custom	TRUE	TRUE	FALSE	-100	777137	-1	0	0	0	31	74	TRUE	0.0462586384871975	0.950929832085967	2470	47	0.0378659007469347	32206000	6
20220425 234835	binary	custom	TRUE	TRUE	FALSE	-100	777137	-1	0	0	0	31	43	TRUE	0.183154364185291	0.484095132928342	6476	588	0.0418625106482068	31739000	7
20220425 234853	binary	custom	TRUE	TRUE	FALSE	-100	777137	-1	0	0	0	31	28	TRUE	0.241327304068371	0.746233126670122	4466	183	0.0482635209778285	29925000	8
20220425 234944	binary	custom	TRUE	TRUE	FALSE	-100	777137	-1	0	0	0	31	36	TRUE	0.0952695414626505	0.851742425942793	1407	900	0.0147278768054093	36187000	9
20220425 235036	binary	custom	TRUE	TRUE	FALSE	-100	777137	-1	0	0	0	31	153	TRUE	0.0543449970671209	0.333605112330988	6300	987	0.0205579341442596	35822000	10
20220425 235100	binary	custom	TRUE	TRUE	FALSE	-100	777137	-1	0	0	0	31	47	TRUE	0.20066968854575	0.587859424836934	5968	71	0.0273153073751018	34570000	11
20220425 235117	binary	custom	TRUE	TRUE	FALSE	-100	777137	-1	0	0	0	31	36	TRUE	0.261010928269126	0.80350543666631	7164	770	0.0133196844709649	36152000	12
20220425 235342	binary	custom	TRUE	TRUE	FALSE	-100	777137	-1	0	0	0	31	334	TRUE	0.0264749849962536	0.556929580485448	3110	561	0.0100420027500756	35934000	13
20220425 235405	binary	custom	TRUE	TRUE	FALSE	-100	777137	-1	0	0	0	31	36	TRUE	0.166713720298489	0.911975894523785	4089	873	0.0442876371181531	30684000	14
20220425 235458	binary	custom	TRUE	TRUE	FALSE	-100	777137	-1	0	0	0	31	32	TRUE	0.13756313608808	0.799405476907268	763	147	0.0472652404253798	28448000	15
20220425 235514	binary	custom	TRUE	TRUE	FALSE	-100	777137	-1	0	0	0	31	27	TRUE	0.299413251364487	0.254161463053897	7576	965	0.0295957252887699	33969000	16
20220425 235551	binary	custom	TRUE	TRUE	FALSE	-100	777137	-1	0	0	0	31	17	TRUE	0.248465013656998	0.416886058524251	1127	232	0.0123948390134804	35067000	17
20220425 235755	binary	custom	TRUE	TRUE	FALSE	-100	777137	-1	0	0	0	31	406	TRUE	0.0128707602954237	0.717003430612385	7645	424	0.0357836699806891	33175000	18
20220425 235809	binary	custom	TRUE	TRUE	FALSE	-100	777137	-1	0	0	0	31	12	TRUE	0.272046305712312	0.993367535825819	5223	359	0.0223588447270837	35208000	19
20220425 235840	binary	custom	TRUE	TRUE	FALSE	-100	777137	-1	0	0	0	31	52	TRUE	0.122314265117748	0.301685113292188	2132	781	0.0334422693345308	33207000	20
20220425 235901	binary	custom	TRUE	TRUE	FALSE	-100	777137	-1	0	0	0	31	29	TRUE	0.237532242568321	0.815976717007092	3132	1016	0.00978652563797505	34854000	21
20220425 235925	binary	custom	TRUE	TRUE	FALSE	-100	777137	-1	0	0	0	31	67	TRUE	0.106293915950606	0.619496699778875	6637	875	0.016331214925273	36982000	22
20220426 000104	binary	custom	TRUE	TRUE	FALSE	-100	777137	-1	0	0	0	31	411	TRUE	0.0160434290652482	0.740329354428166	6829	1023	0.0197950218505903	36145000	23
20220426 000120	binary	custom	TRUE	TRUE	FALSE	-100	777137	-1	0	0	0	31	30	TRUE	0.208838373936674	0.602429549974971	6371	265	0.0143023352111635	36457000	24
20220426 000141	binary	custom	TRUE	TRUE	FALSE	-100	777137	-1	0	0	0	31	37	TRUE	0.196773174648244	0.515475024677776	6632	1004	0.0146034384516	36677000	25
20220426 000157	binary	custom	TRUE	TRUE	FALSE	-100	777137	-1	0	0	0	31	25	TRUE	0.276025862361986	0.586697039747098	7301	838	0.0189307693017001	35672000	26
20220426 000236	binary	custom	TRUE	TRUE	FALSE	-100	777137	-1	0	0	0	31	120	TRUE	0.0530322473722315	0.676691740105092	5571	837	0.0142675308587021	36849000	27
20220426 000336	binary	custom	TRUE	TRUE	FALSE	-100	777137	-1	0	0	0	31	181	TRUE	0.0417060115915712	0.546678943506372	7759	806	0.0135101746490222	36840000	28
20220426 000405	binary	custom	TRUE	TRUE	FALSE	-100	777137	-1	0	0	0	31	79	TRUE	0.0809804378520725	0.907945926171947	6524	659	0.0151844514741003	36556000	29
20220426 000433	binary	custom	TRUE	TRUE	FALSE	-100	777137	-1	0	0	0	31	69	TRUE	0.096858394584502	0.607345810798032	6758	977	0.014856528515836	36934000	30
20220426 000502	binary	custom	TRUE	TRUE	FALSE	-100	777137	-1	0	0	0	31	53	TRUE	0.120464501893609	0.560512296809291	6225	743	0.013272090682198	36546000	31
20220426 000750	binary	custom	TRUE	TRUE	FALSE	-100	777137	-1	0	0	0	31	544	TRUE	0.013602119032046	0.538678746659335	7775	956	0.0158932876318927	36803000	32
20220426 000817	binary	custom	TRUE	TRUE	FALSE	-100	777137	-1	0	0	0	31	89	TRUE	0.112120748931424	0.679776777993718	7538	859	0.0156305854369725	36332000	33
20220426 001035	binary	custom	TRUE	TRUE	FALSE	-100	777137	-1	0	0	0	31	384	TRUE	0.0138036048039275	0.620953147066233	5183	871	0.016168676509066	36883000	34
20220426 001125	binary	custom	TRUE	TRUE	FALSE	-100	777137	-1	0	0	0	31	132	TRUE	0.0582458281222567	0.574541082021617	6233	968	0.0165183566330303	37005000	35
20220426 001231	binary	custom	TRUE	TRUE	FALSE	-100	777137	-1	0	0	0	31	229	TRUE	0.0364549686548779	0.825880888980892	5003	30	0.0141461821631692	36756000	36
20220426 001313	binary	custom	TRUE	TRUE	FALSE	-100	777137	-1	0	0	0	31	121	TRUE	0.0600271334277312	0.807581816686184	4954	549	0.0163552077058361	36775000	37
20220426 001426	binary	custom	TRUE	TRUE	FALSE	-100	777137	-1	0	0	0	31	258	TRUE	0.0275620754633203	0.625464130709262	6546	349	0.0143214140095386	36620000	38
20220426 001438	binary	custom	TRUE	TRUE	FALSE	-100	777137	-1	0	0	0	31	15	TRUE	0.225953612591245	0.864818446386832	4845	16	0.0147929654929463	35943000	39
20220426 001755	binary	custom	TRUE	TRUE	FALSE	-100	777137	-1	0	0	0	31	515	TRUE	0.0100870689449017	0.953317827882699	3582	517	0.0134222914893369	36852000	40
20220426 002059	binary	custom	TRUE	TRUE	FALSE	-100	777137	-1	0	0	0	31	579	TRUE	0.0111380929692814	0.855084083104812	4275	812	0.014192310065731	37123000	41
20220426 002208	binary	custom	TRUE	TRUE	FALSE	-100	777137	-1	0	0	0	31	190	TRUE	0.0332256924353521	0.936682257108133	4110	908	0.0163737709698155	37127000	42
20220426 002317	binary	custom	TRUE	TRUE	FALSE	-100	777137	-1	0	0	0	31	162	TRUE	0.0317103456562208	0.871607824370987	3803	854	0.0156640008790169	36739000	43
20220426 002618	binary	custom	TRUE	TRUE	FALSE	-100	777137	-1	0	0	0	31	645	TRUE	0.0106499642437837	0.959706882405671	5261	1024	0.0139438575827231	36888000	44
20220426 002905	binary	custom	TRUE	TRUE	FALSE	-100	777137	-1	0	0	0	31	456	TRUE	0.0101211941017015	0.989894002253729	4605	819	0.0170615464841671	36810000	45
20220426 003150	binary	custom	TRUE	TRUE	FALSE	-100	777137	-1	0	0	0	31	460	TRUE	0.0100494487529843	0.835432626236589	4609	168	0.0119210178210419	36555000	46
20220426 003238	binary	custom	TRUE	TRUE	FALSE	-100	777137	-1	0	0	0	31	159	TRUE	0.0533439503201495	0.900190673560043	5220	1014	0.0165688711107653	36316000	47
20220426 003533	binary	custom	TRUE	TRUE	FALSE	-100	777137	-1	0	0	0	31	630	TRUE	0.0104506282765653	0.791773988187325	5677	772	0.0137117527383628	37027000	48
20220426 003620	binary	custom	TRUE	TRUE	FALSE	-100	777137	-1	0	0	0	31	129	TRUE	0.0563722062493593	0.448168429796468	7254	1024	0.0139710834518466	36930000	49
20220426 003906	binary	custom	TRUE	TRUE	FALSE	-100	777137	-1	0	0	0	31	290	TRUE	0.0121076481577709	0.94538555408971	2536	845	0.0144348399395678	36348000	50
20220426 004002	binary	custom	TRUE	TRUE	FALSE	-100	777137	-1	0	0	0	31	148	TRUE	0.0417040427252184	0.809709729653663	4187	788	0.0141043826370341	36712000	51
20220426 004248	binary	custom	TRUE	TRUE	FALSE	-100	777137	-1	0	0	0	31	641	TRUE	0.0106478564549531	0.872266261276474	6511	898	0.00869680154740864	34519000	52
20220426 004529	binary	custom	TRUE	TRUE	FALSE	-100	777137	-1	0	0	0	31	504	TRUE	0.0107169294772094	0.944839312285709	5066	562	0.0161358469337029	36769000	53
20220426 004725	binary	custom	TRUE	TRUE	FALSE	-100	777137	-1	0	0	0	31	399	TRUE	0.0181465166736397	0.890024819137408	5097	910	0.0135843728759235	37029000	54
20220426 004746	binary	custom	TRUE	TRUE	FALSE	-100	777137	-1	0	0	0	31	32	TRUE	0.20153560549967	0.974350708471484	3981	902	0.0165438042102754	35906000	55
20220426 004812	binary	custom	TRUE	TRUE	FALSE	-100	777137	-1	0	0	0	31	44	TRUE	0.0923612095776333	0.855061311011376	4565	404	0.0139429318508251	36242000	56
20220426 005118	binary	custom	TRUE	TRUE	FALSE	-100	777137	-1	0	0	0	31	760	TRUE	0.0102123426735644	0.654328351838398	6362	588	0.0136293673727081	36809000	57
20220426 005422	binary	custom	TRUE	TRUE	FALSE	-100	777137	-1	0	0	0	31	795	TRUE	0.0100064162703856	0.983249529656532	6832	643	0.0132545316978639	36674000	58
20220426 005501	binary	custom	TRUE	TRUE	FALSE	-100	777137	-1	0	0	0	31	82	TRUE	0.0835563994170992	0.522834695225872	5741	900	0.0146668478568699	36402000	59
20220426 005806	binary	custom	TRUE	TRUE	FALSE	-100	777137	-1	0	0	0	31	716	TRUE	0.0111514196004048	0.611699453084973	7255	1023	0.0141716644824785	36919000	60
20220426 010017	binary	custom	TRUE	TRUE	FALSE	-100	777137	-1	0	0	0	31	539	TRUE	0.0100997328738564	0.760636700464447	5691	16	0.0172620924071448	36441000	61
20220426 010053	binary	custom	TRUE	TRUE	FALSE	-100	777137	-1	0	0	0	31	79	TRUE	0.0682683266309533	0.997325844822935	4320	132	0.0177416330142253	36637000	62
20220426 010204	binary	custom	TRUE	TRUE	FALSE	-100	777137	-1	0	0	0	31	202	TRUE	0.0298988745392755	0.979585813052995	4515	702	0.013939661526489	37105000	63
20220426 010230	binary	custom	TRUE	TRUE	FALSE	-100	777137	-1	0	0	0	31	45	TRUE	0.155597438537242	0.614139063317946	4265	951	0.0170884151202131	36473000	64
20220426 010304	binary	custom	TRUE	TRUE	FALSE	-100	777137	-1	0	0	0	31	93	TRUE	0.0677352489673934	0.618656806428882	6936	728	0.0181678855811824	36359000	65
20220426 010324	binary	custom	TRUE	TRUE	FALSE	-100	777137	-1	0	0	0	31	40	TRUE	0.217535349911798	0.429002707741479	7983	1023	0.010334115076639	35493000	66
20220426 010350	binary	custom	TRUE	TRUE	FALSE	-100	777137	-1	0	0	0	31	29	TRUE	0.0994680205439824	0.997671616660382	3751	787	0.0171270733264355	36370000	67
20220426 010410	binary	custom	TRUE	TRUE	FALSE	-100	777137	-1	0	0	0	31	32	TRUE	0.189273042613946	0.439750054309343	7829	1002	0.0165910379813954	36825000	68
20220426 011850	binary	custom	TRUE	TRUE	FALSE	-100	777137	-1	0	0	0	31	176	TRUE	0.0100340833166311	0.828075339044409	228	829	0.020739433885977	34343000	69
20220426 012040	binary	custom	TRUE	TRUE	FALSE	-100	777137	-1	0	0	0	31	528	TRUE	0.0228570335822983	0.59739920415876	5356	16	0.0116155981090588	36080000	70
20220426 012102	binary	custom	TRUE	TRUE	FALSE	-100	777137	-1	0	0	0	31	52	TRUE	0.210646754584318	0.604408918499202	6499	614	0.0160814711679245	36057000	71
20220426 012123	binary	custom	TRUE	TRUE	FALSE	-100	777137	-1	0	0	0	31	45	TRUE	0.160586217929729	0.333301367013871	7996	922	0.0137492286416656	36544000	72
20220426 012215	binary	custom	TRUE	TRUE	FALSE	-100	777137	-1	0	0	0	31	155	TRUE	0.0503350840764355	0.571566350098131	7773	987	0.0224810993827129	36333000	73
20220426 012416	binary	custom	TRUE	TRUE	FALSE	-100	777137	-1	0	0	0	31	358	TRUE	0.0150462676643016	0.927148132502212	4699	686	0.0140402337547449	37255000	74
20220426 012431	binary	custom	TRUE	TRUE	FALSE	-100	777137	-1	0	0	0	31	19	TRUE	0.299929726121212	0.633744574240182	6847	125	0.0129679342488518	35833000	75
20220426 012549	binary	custom	TRUE	TRUE	FALSE	-100	777137	-1	0	0	0	31	402	TRUE	0.0248784451221994	0.99969941155824	3188	17	0.0128856068994251	36340000	76
20220426 012658	binary	custom	TRUE	TRUE	FALSE	-100	777137	-1	0	0	0	31	261	TRUE	0.0273618853844873	0.630949998055925	7991	140	0.0211190098189224	35933000	77
20220426 012748	binary	custom	TRUE	TRUE	FALSE	-100	777137	-1	0	0	0	31	1	TRUE	0.286372148628937	0.915711240627192	2	660	0.0139120702348531	6101000	78
20220426 012807	binary	custom	TRUE	TRUE	FALSE	-100	777137	-1	0	0	0	31	16	TRUE	0.238809924437973	0.20027608204829	2587	103	0.0103288140838996	34818000	79
20220426 013319	binary	custom	TRUE	TRUE	FALSE	-100	777137	-1	0	0	0	31	380	TRUE	0.0103600797214805	0.627462361038055	1255	1023	0.0160666606628142	36942000	80
20220426 013435	binary	custom	TRUE	TRUE	FALSE	-100	777137	-1	0	0	0	31	75	TRUE	0.0645854010996429	0.541895343011525	1287	132	0.011328144012336	36563000	81
20220426 013453	binary	custom	TRUE	TRUE	FALSE	-100	777137	-1	0	0	0	31	50	TRUE	0.246727680187691	0.999896846640252	7910	179	0.0145539075745342	35625000	82
20220426 013515	binary	custom	TRUE	TRUE	FALSE	-100	777137	-1	0	0	0	31	24	TRUE	0.245432985599994	0.497453293637031	3670	242	0.0131678254999139	35940000	83
20220426 013531	binary	custom	TRUE	TRUE	FALSE	-100	777137	-1	0	0	0	31	26	TRUE	0.19686431730936	0.401651913220122	1361	16	0.00947510044075762	35350000	84
20220426 013607	binary	custom	TRUE	TRUE	FALSE	-100	777137	-1	0	0	0	31	107	TRUE	0.0531602674549747	0.900926568361634	6970	17	0.0135642013091893	37046000	85
20220426 013639	binary	custom	TRUE	TRUE	FALSE	-100	777137	-1	0	0	0	31	50	TRUE	0.110954021927222	0.679587773902844	2951	1024	0.0145603194582959	36393000	86
20220426 014117	binary	custom	TRUE	TRUE	FALSE	-100	777137	-1	0	0	0	31	336	TRUE	0.0102113174606205	0.962052551627071	1405	990	0.0130131540221353	36646000	87
20220426 014133	binary	custom	TRUE	TRUE	FALSE	-100	777137	-1	0	0	0	31	24	TRUE	0.248135038323139	0.999623743426606	6098	186	0.013047428997271	35950000	88
20220426 014617	binary	custom	TRUE	TRUE	FALSE	-100	777137	-1	0	0	0	31	349	TRUE	0.0100166761678794	0.636324238216113	1357	275	0.0148792770766221	36916000	89
20220426 015041	binary	custom	TRUE	TRUE	FALSE	-100	777137	-1	0	0	0	31	380	TRUE	0.0121238312993864	0.761166390997157	1395	938	0.0242343369355082	34709000	90
20220426 015059	binary	custom	TRUE	TRUE	FALSE	-100	777137	-1	0	0	0	31	24	TRUE	0.24290133886956	0.636384023551611	4849	1023	0.0168874962440906	36239000	91
20220426 015355	binary	custom	TRUE	TRUE	FALSE	-100	777137	-1	0	0	0	31	172	TRUE	0.0217504998989103	0.527363542022335	1160	906	0.0113534928661001	36496000	92
20220426 015410	binary	custom	TRUE	TRUE	FALSE	-100	777137	-1	0	0	0	31	22	TRUE	0.26005489886316	0.789439362747857	6796	261	0.0229546790467375	34976000	93
20220426 015441	binary	custom	TRUE	TRUE	FALSE	-100	777137	-1	0	0	0	31	36	TRUE	0.220924888758795	0.221857387085388	1626	223	0.017026225738735	34414000	94
20220426 015504	binary	custom	TRUE	TRUE	FALSE	-100	777137	-1	0	0	0	31	40	TRUE	0.149579221004647	0.478628713813506	8000	16	0.0130065121000077	35907000	95
20220426 015542	binary	custom	TRUE	TRUE	FALSE	-100	777137	-1	0	0	0	31	149	TRUE	0.0662142588638854	0.999673776505264	7999	161	0.0137928470890669	36613000	96
20220426 015557	binary	custom	TRUE	TRUE	FALSE	-100	777137	-1	0	0	0	31	30	TRUE	0.27731774536403	0.999566355371218	7993	1024	0.0212764503694269	35758000	97
20220426 015637	binary	custom	TRUE	TRUE	FALSE	-100	777137	-1	0	0	0	31	72	TRUE	0.224043557501573	0.38648117407088	2212	1024	0.00835867566012068	34898000	98
20220426 020356	binary	custom	TRUE	TRUE	FALSE	-100	777137	-1	0	0	0	31	666	TRUE	0.0100343553119096	0.95561264854228	1134	191	0.0084131843519194	35938000	99
20220426 020434	binary	custom	TRUE	TRUE	FALSE	-100	777137	-1	0	0	0	31	111	TRUE	0.0574905976171404	0.834667506586596	5952	139	0.0143960568636378	36885000	100
20220426 020452	binary	custom	TRUE	TRUE	FALSE	-100	777137	-1	0	0	0	31	35	TRUE	0.221701892135581	0.814934854792896	5541	1024	0.0120447077663833	36127000	101
20220426 020525	binary	custom	TRUE	TRUE	FALSE	-100	777137	-1	0	0	0	31	36	TRUE	0.236308561929964	0.510102353327184	2086	211	0.00834019415841544	34173000	102
20220426 020541	binary	custom	TRUE	TRUE	FALSE	-100	777137	-1	0	0	0	31	28	TRUE	0.277240338328557	0.352766699090348	7176	16	0.0123498273757898	35587000	103
20220426 020601	binary	custom	TRUE	TRUE	FALSE	-100	777137	-1	0	0	0	31	27	TRUE	0.299607665058549	0.399943169267883	4931	27	0.0135038020346959	35724000	104
20220426 020623	binary	custom	TRUE	TRUE	FALSE	-100	777137	-1	0	0	0	31	36	TRUE	0.13857348894339	0.414097700785318	7001	1024	0.0235262236544984	35543000	105
20220426 020850	binary	custom	TRUE	TRUE	FALSE	-100	777137	-1	0	0	0	31	293	TRUE	0.0100701968514582	0.616201225849019	929	35	0.0138617974085168	37126000	106
20220426 020912	binary	custom	TRUE	TRUE	FALSE	-100	777137	-1	0	0	0	31	62	TRUE	0.17223656211144	0.972368964481236	6617	18	0.0147446296679306	36502000	107
20220426 021008	binary	custom	TRUE	TRUE	FALSE	-100	777137	-1	0	0	0	31	217	TRUE	0.035836161819235	0.202733610737312	7996	1024	0.0497354266990595	30715000	108
20220426 021031	binary	custom	TRUE	TRUE	FALSE	-100	777137	-1	0	0	0	31	43	TRUE	0.175178146884324	0.578595369522029	7974	919	0.0137379909790097	36389000	109
20220426 021147	binary	custom	TRUE	TRUE	FALSE	-100	777137	-1	0	0	0	31	341	TRUE	0.0194097034922236	0.742920028738757	1208	18	0.0121363224647471	36836000	110
20220426 021219	binary	custom	TRUE	TRUE	FALSE	-100	777137	-1	0	0	0	31	83	TRUE	0.0530625654717198	0.999884923767334	7306	16	0.0215556805453598	35857000	111
20220426 021331	binary	custom	TRUE	TRUE	FALSE	-100	777137	-1	0	0	0	31	339	TRUE	0.0330710277316186	0.201171720574738	7997	111	0.0133982020435257	36755000	112
20220426 021440	binary	custom	TRUE	TRUE	FALSE	-100	777137	-1	0	0	0	31	311	TRUE	0.0330491858529235	0.644504391796688	7945	30	0.0135909431504201	36743000	113
20220426 021527	binary	custom	TRUE	TRUE	FALSE	-100	777137	-1	0	0	0	31	179	TRUE	0.0430149034743234	0.207755567785298	7995	524	0.0144083089748989	37018000	114
20220426 021751	binary	custom	TRUE	TRUE	FALSE	-100	777137	-1	0	0	0	31	135	TRUE	0.0274094141880005	0.719358743682997	978	132	0.0158646789204574	36517000	115
20220426 022341	binary	custom	TRUE	TRUE	FALSE	-100	777137	-1	0	0	0	31	371	TRUE	0.0101322647191917	0.414573344515658	1055	149	0.0117143359974922	36894000	116
20220426 022428	binary	custom	TRUE	TRUE	FALSE	-100	777137	-1	0	0	0	31	128	TRUE	0.0502968845396589	0.422795211701725	7828	264	0.0140385229598066	36789000	117
20220426 022448	binary	custom	TRUE	TRUE	FALSE	-100	777137	-1	0	0	0	31	30	TRUE	0.258352747613977	0.359660699013032	5294	363	0.0130007927742527	35508000	118
20220426 022532	binary	custom	TRUE	TRUE	FALSE	-100	777137	-1	0	0	0	31	156	TRUE	0.043509034934703	0.200199955359218	7995	1024	0.0154748670733059	37280000	119
20220426 022550	binary	custom	TRUE	TRUE	FALSE	-100	777137	-1	0	0	0	31	35	TRUE	0.238004520691245	0.999506525285847	6788	982	0.0149718126703529	36490000	120
