fecha	objective	metric	first_metric_only	boost_from_average	feature_pre_filter	verbosity	seed	max_depth	min_gain_to_split	lambda_l1	lambda_l2	max_bin	num_iterations	force_row_wise	learning_rate	feature_fraction	min_data_in_leaf	num_leaves	prob_corte	ganancia	iteracion
20220423 175925	binary	custom	TRUE	TRUE	FALSE	-100	777137	-1	0	0	0	31	19	TRUE	0.159518132001627	0.607175080971792	636	719	0.0343819029483711	8518000	1
20220423 175957	binary	custom	TRUE	TRUE	FALSE	-100	777137	-1	0	0	0	31	77	TRUE	0.0793826848169556	0.738319449601695	5809	141	0.0416090855481646	9538000	2
20220423 180014	binary	custom	TRUE	TRUE	FALSE	-100	777137	-1	0	0	0	31	22	TRUE	0.251816935714334	0.364276063116267	6502	453	0.0228542365376294	13036000	3
20220423 180050	binary	custom	TRUE	TRUE	FALSE	-100	777137	-1	0	0	0	31	16	TRUE	0.199410215042531	0.808371880333871	1045	109	0.018211207765853	11568000	4
20220423 180131	binary	custom	TRUE	TRUE	FALSE	-100	777137	-1	0	0	0	31	27	TRUE	0.174418484438909	0.52952339053154	1497	815	0.0232725971300776	11012000	5
20220423 180158	binary	custom	TRUE	TRUE	FALSE	-100	777137	-1	0	0	0	31	55	TRUE	0.196764500414021	0.707400284614414	4567	499	0.0422504487539603	9118000	6
20220423 180300	binary	custom	TRUE	TRUE	FALSE	-100	777137	-1	0	0	0	31	126	TRUE	0.0475619684065459	0.51891799479723	4355	49	0.0150854888173247	13467000	7
20220423 180321	binary	custom	TRUE	TRUE	FALSE	-100	777137	-1	0	0	0	31	19	TRUE	0.272522048190469	0.595010148622096	3101	397	0.0253371860827125	11841000	8
20220423 180400	binary	custom	TRUE	TRUE	FALSE	-100	777137	-1	0	0	0	31	109	TRUE	0.0936502480099443	0.453930657124147	7013	852	0.0319437643479129	10831000	9
20220423 180427	binary	custom	TRUE	TRUE	FALSE	-100	777137	-1	0	0	0	31	69	TRUE	0.10617736250814	0.218168883398175	5054	559	0.0124663987910026	12857000	10
20220423 180452	binary	custom	TRUE	TRUE	FALSE	-100	777137	-1	0	0	0	31	68	TRUE	0.241048317713896	0.296279337136075	5527	230	0.0455788662007156	8445000	11
20220423 180517	binary	custom	TRUE	TRUE	FALSE	-100	777137	-1	0	0	0	31	32	TRUE	0.126646827731282	0.894332734560594	3565	173	0.0368111476918178	9650000	12
20220423 180820	binary	custom	TRUE	TRUE	FALSE	-100	777137	-1	0	0	0	31	481	TRUE	0.0121908624678617	0.995931047089398	3737	634	0.0271117434832073	11801000	13
20220423 181335	binary	custom	TRUE	TRUE	FALSE	-100	777137	-1	0	0	0	31	33	TRUE	0.0556655576888006	0.326294793719426	161	967	0.0385615080459199	6738000	14
20220423 181402	binary	custom	TRUE	TRUE	FALSE	-100	777137	-1	0	0	0	31	12	TRUE	0.260420171678183	0.855861052880064	1651	591	0.0144504992344688	12325000	15
20220423 181423	binary	custom	TRUE	TRUE	FALSE	-100	777137	-1	0	0	0	31	40	TRUE	0.113190980421961	0.677354152789339	7743	333	0.00949061906673402	11820000	16
20220423 181445	binary	custom	TRUE	TRUE	FALSE	-100	777137	-1	0	0	0	31	18	TRUE	0.292370082505862	0.79118352515623	2201	731	0.0496367627143627	7659000	17
20220423 181502	binary	custom	TRUE	TRUE	FALSE	-100	777137	-1	0	0	0	31	24	TRUE	0.217977532953257	0.279885361734778	7226	976	0.0196154688795408	13523000	18
20220423 181612	binary	custom	TRUE	TRUE	FALSE	-100	777137	-1	0	0	0	31	222	TRUE	0.0297627939089434	0.938158050114289	6064	885	0.0477201441589083	8332000	19
20220423 181646	binary	custom	TRUE	TRUE	FALSE	-100	777137	-1	0	0	0	31	35	TRUE	0.153183203156455	0.428611361123622	2798	315	0.0311497521455749	10911000	20
20220423 182031	binary	custom	TRUE	TRUE	FALSE	-100	777137	-1	0	0	0	31	682	TRUE	0.0101329310160326	0.461768204380455	6075	416	0.0183712269172449	13118000	21
20220423 182049	binary	custom	TRUE	TRUE	FALSE	-100	777137	-1	0	0	0	31	35	TRUE	0.299919651152419	0.356827867194712	7355	934	0.0162871873951398	12887000	22
20220423 182142	binary	custom	TRUE	TRUE	FALSE	-100	777137	-1	0	0	0	31	268	TRUE	0.0397104879788852	0.204339457802189	5485	16	0.0164675936915137	13246000	23
20220423 182157	binary	custom	TRUE	TRUE	FALSE	-100	777137	-1	0	0	0	31	25	TRUE	0.176403609762603	0.960105349186528	7953	1023	0.019877667042126	13034000	24
20220423 182215	binary	custom	TRUE	TRUE	FALSE	-100	777137	-1	0	0	0	31	42	TRUE	0.177039018849379	0.24599049444702	7984	724	0.0200493386057991	12788000	25
20220423 182235	binary	custom	TRUE	TRUE	FALSE	-100	777137	-1	0	0	0	31	28	TRUE	0.208897611507644	0.582734685282986	5658	1022	0.0191772972972291	12917000	26
20220423 182504	binary	custom	TRUE	TRUE	FALSE	-100	777137	-1	0	0	0	31	571	TRUE	0.010021979529854	0.345520445565458	3395	18	0.0122271128429796	13457000	27
20220423 182858	binary	custom	TRUE	TRUE	FALSE	-100	777137	-1	0	0	0	31	815	TRUE	0.0102169537833835	0.999070923308167	4108	296	0.0139712836308979	13693000	28
20220423 183059	binary	custom	TRUE	TRUE	FALSE	-100	777137	-1	0	0	0	31	466	TRUE	0.0101770707274266	0.998111921401999	4630	17	0.0135935293482551	13386000	29
20220423 183356	binary	custom	TRUE	TRUE	FALSE	-100	777137	-1	0	0	0	31	416	TRUE	0.0101993389628078	0.998939116196375	3740	482	0.0135539602444257	13306000	30
20220423 183739	binary	custom	TRUE	TRUE	FALSE	-100	777137	-1	0	0	0	31	823	TRUE	0.0106511223740343	0.216514478919252	4026	235	0.0151596292908734	13567000	31
20220423 184040	binary	custom	TRUE	TRUE	FALSE	-100	777137	-1	0	0	0	31	497	TRUE	0.0100735843927327	0.824489347438276	4114	242	0.0146185798501572	13607000	32
20220423 184102	binary	custom	TRUE	TRUE	FALSE	-100	777137	-1	0	0	0	31	31	TRUE	0.15264020596718	0.999410205963358	4114	270	0.014646718889424	12917000	33
20220423 184400	binary	custom	TRUE	TRUE	FALSE	-100	777137	-1	0	0	0	31	491	TRUE	0.0102826031762048	0.997672843441633	4174	255	0.00836381748990169	11645000	34
20220423 184414	binary	custom	TRUE	TRUE	FALSE	-100	777137	-1	0	0	0	31	21	TRUE	0.292889286558838	0.200060735235966	7704	1024	0.0222238642862242	12024000	35
20220423 184433	binary	custom	TRUE	TRUE	FALSE	-100	777137	-1	0	0	0	31	53	TRUE	0.222917519558938	0.235690388518884	7414	1006	0.0145080618447941	13047000	36
20220423 184632	binary	custom	TRUE	TRUE	FALSE	-100	777137	-1	0	0	0	31	465	TRUE	0.0278042336127408	0.384141741103699	5629	251	0.0138601765035392	13205000	37
20220423 184846	binary	custom	TRUE	TRUE	FALSE	-100	777137	-1	0	0	0	31	620	TRUE	0.0105791420078398	0.279570274274483	1337	16	0.0145313410522551	13723000	38
20220423 185155	binary	custom	TRUE	TRUE	FALSE	-100	777137	-1	0	0	0	31	425	TRUE	0.0113662067125287	0.999896665291297	2932	283	0.0165355533089359	13921000	39
20220423 185229	binary	custom	TRUE	TRUE	FALSE	-100	777137	-1	0	0	0	31	93	TRUE	0.0623824805399233	0.999884825925038	6419	341	0.0188917307572632	13163000	40
20220423 185249	binary	custom	TRUE	TRUE	FALSE	-100	777137	-1	0	0	0	31	64	TRUE	0.247020450371491	0.202366708033899	6195	372	0.0163911643902877	12857000	41
20220423 185506	binary	custom	TRUE	TRUE	FALSE	-100	777137	-1	0	0	0	31	494	TRUE	0.0100337972035945	0.363950906712659	2898	17	0.0200071235306246	13448000	42
20220423 185624	binary	custom	TRUE	TRUE	FALSE	-100	777137	-1	0	0	0	31	213	TRUE	0.0616586530704369	0.203290622877229	2174	138	0.0134669477664123	13258000	43
20220423 185639	binary	custom	TRUE	TRUE	FALSE	-100	777137	-1	0	0	0	31	24	TRUE	0.243561479735046	0.999331345411558	7835	823	0.017908148555367	13212000	44
20220423 190250	binary	custom	TRUE	TRUE	FALSE	-100	777137	-1	0	0	0	31	221	TRUE	0.0102396144316288	0.978563979555565	717	227	0.0151122636146771	13523000	45
20220423 190747	binary	custom	TRUE	TRUE	FALSE	-100	777137	-1	0	0	0	31	786	TRUE	0.0100610491996336	0.40470793053989	2891	62	0.0159829407352599	13731000	46
20220423 190815	binary	custom	TRUE	TRUE	FALSE	-100	777137	-1	0	0	0	31	63	TRUE	0.0801890159391339	0.289275022215829	7168	1024	0.0173481791623741	13208000	47
20220423 191255	binary	custom	TRUE	TRUE	FALSE	-100	777137	-1	0	0	0	31	433	TRUE	0.010073499996337	0.328588175207031	1732	326	0.0167691146997616	13906000	48
20220423 192950	binary	custom	TRUE	TRUE	FALSE	-100	777137	-1	0	0	0	31	153	TRUE	0.0101622012739352	0.278202484077981	0	336	0.0161599452776025	3201000	49
20220423 193156	binary	custom	TRUE	TRUE	FALSE	-100	777137	-1	0	0	0	31	277	TRUE	0.0101185746249419	0.990727048055065	1558	30	0.0146090407627388	13918000	50
20220423 193602	binary	custom	TRUE	TRUE	FALSE	-100	777137	-1	0	0	0	31	279	TRUE	0.0108536490969352	0.978290385637935	1440	336	0.0160749244819723	13695000	51
20220423 193720	binary	custom	TRUE	TRUE	FALSE	-100	777137	-1	0	0	0	31	255	TRUE	0.0181273369957641	0.393915903847152	1806	17	0.0147252234041455	13687000	52
20220423 194201	binary	custom	TRUE	TRUE	FALSE	-100	777137	-1	0	0	0	31	833	TRUE	0.0100252055708924	0.332997238134218	3145	346	0.0163716349546678	13643000	53
20220423 194216	binary	custom	TRUE	TRUE	FALSE	-100	777137	-1	0	0	0	31	21	TRUE	0.202505761134759	0.708571932096942	7068	646	0.0189842106276404	13453000	54
20220423 194459	binary	custom	TRUE	TRUE	FALSE	-100	777137	-1	0	0	0	31	472	TRUE	0.0103281509027332	0.999082404151955	4812	262	0.0191412584505005	13092000	55
20220423 194515	binary	custom	TRUE	TRUE	FALSE	-100	777137	-1	0	0	0	31	26	TRUE	0.201031770301253	0.995972820099682	8000	16	0.0204634365792905	12758000	56
20220423 194847	binary	custom	TRUE	TRUE	FALSE	-100	777137	-1	0	0	0	31	840	TRUE	0.0101208427680991	0.344940313393729	7069	16	0.0161514635775631	13394000	57
20220423 194905	binary	custom	TRUE	TRUE	FALSE	-100	777137	-1	0	0	0	31	19	TRUE	0.299647610730751	0.266991701433205	3956	1015	0.0156134374129825	12434000	58
20220423 194923	binary	custom	TRUE	TRUE	FALSE	-100	777137	-1	0	0	0	31	25	TRUE	0.181259900661211	0.31677843080231	6513	799	0.016858615673265	12937000	59
20220423 195432	binary	custom	TRUE	TRUE	FALSE	-100	777137	-1	0	0	0	31	306	TRUE	0.0102733425206078	0.97825064270827	1093	129	0.0142480495184452	13690000	60
20220423 195450	binary	custom	TRUE	TRUE	FALSE	-100	777137	-1	0	0	0	31	21	TRUE	0.236879827003074	0.527526385358302	7214	16	0.0189518237171475	12998000	61
20220423 195631	binary	custom	TRUE	TRUE	FALSE	-100	777137	-1	0	0	0	31	360	TRUE	0.010270003334572	0.999970165278644	895	18	0.0191200618507834	12985000	62
20220423 195845	binary	custom	TRUE	TRUE	FALSE	-100	777137	-1	0	0	0	31	472	TRUE	0.010306475054132	0.902777182671634	7775	432	0.0190229464078426	13215000	63
20220423 200411	binary	custom	TRUE	TRUE	FALSE	-100	777137	-1	0	0	0	31	691	TRUE	0.0100653337410355	0.251096701421731	1725	111	0.0158383640803947	14043000	64
20220423 200801	binary	custom	TRUE	TRUE	FALSE	-100	777137	-1	0	0	0	31	445	TRUE	0.0101342116769839	0.284514609815908	2259	1024	0.0147083164597968	13782000	65
20220423 201143	binary	custom	TRUE	TRUE	FALSE	-100	777137	-1	0	0	0	31	712	TRUE	0.0100245905616599	0.311337660563148	4387	1023	0.0173335070324988	13846000	66
20220423 201157	binary	custom	TRUE	TRUE	FALSE	-100	777137	-1	0	0	0	31	14	TRUE	0.299727422122575	0.949555192418031	7170	417	0.0203955997398798	13404000	67
20220423 201215	binary	custom	TRUE	TRUE	FALSE	-100	777137	-1	0	0	0	31	32	TRUE	0.170718412204542	0.300180889563222	7281	350	0.0192445380735183	13044000	68
20220423 201614	binary	custom	TRUE	TRUE	FALSE	-100	777137	-1	0	0	0	31	491	TRUE	0.0100013577522009	0.279709838689936	2285	618	0.0166451983650504	13749000	69
20220423 201936	binary	custom	TRUE	TRUE	FALSE	-100	777137	-1	0	0	0	31	953	TRUE	0.0102798335326121	0.935364473962844	7089	19	0.0160936607182532	13603000	70
20220423 202309	binary	custom	TRUE	TRUE	FALSE	-100	777137	-1	0	0	0	31	438	TRUE	0.0101581295968939	0.759625910166656	2650	1024	0.0155981950953402	13812000	71
20220423 202625	binary	custom	TRUE	TRUE	FALSE	-100	777137	-1	0	0	0	31	320	TRUE	0.0100522300197308	0.683234844665698	2464	298	0.0149994923874613	13684000	72
20220423 202643	binary	custom	TRUE	TRUE	FALSE	-100	777137	-1	0	0	0	31	18	TRUE	0.28885239602035	0.999928321608576	4116	1024	0.0173598943427918	12523000	73
20220423 202941	binary	custom	TRUE	TRUE	FALSE	-100	777137	-1	0	0	0	31	475	TRUE	0.0129227685414385	0.593760598070185	4088	974	0.0153446025131335	13586000	74
20220423 202956	binary	custom	TRUE	TRUE	FALSE	-100	777137	-1	0	0	0	31	28	TRUE	0.296621587817914	0.312936672937605	4548	16	0.01569770706154	12879000	75
20220423 203357	binary	custom	TRUE	TRUE	FALSE	-100	777137	-1	0	0	0	31	305	TRUE	0.0103624690583293	0.998423568187141	1647	1009	0.0146225803285625	13809000	76
20220423 203413	binary	custom	TRUE	TRUE	FALSE	-100	777137	-1	0	0	0	31	21	TRUE	0.227094018145593	0.999663983077015	7007	1024	0.0152598948602865	13052000	77
20220423 203426	binary	custom	TRUE	TRUE	FALSE	-100	777137	-1	0	0	0	31	16	TRUE	0.291879474224644	0.988379479246348	6153	16	0.016723221489284	12575000	78
20220423 203441	binary	custom	TRUE	TRUE	FALSE	-100	777137	-1	0	0	0	31	16	TRUE	0.226266675299909	0.999629295023413	7247	579	0.0245419966465494	12391000	79
20220423 203828	binary	custom	TRUE	TRUE	FALSE	-100	777137	-1	0	0	0	31	497	TRUE	0.0103531718225427	0.304112115190772	2624	1023	0.0206040167060376	13593000	80
20220423 204045	binary	custom	TRUE	TRUE	FALSE	-100	777137	-1	0	0	0	31	505	TRUE	0.010338044429435	0.662644769931052	7992	25	0.0194091694257004	13167000	81
20220423 204103	binary	custom	TRUE	TRUE	FALSE	-100	777137	-1	0	0	0	31	19	TRUE	0.258638368845596	0.340529162131442	4988	526	0.0192058279584451	12609000	82
20220423 204442	binary	custom	TRUE	TRUE	FALSE	-100	777137	-1	0	0	0	31	922	TRUE	0.010411162470613	0.202182815515633	4921	1024	0.0136713160603182	13219000	83
20220423 204458	binary	custom	TRUE	TRUE	FALSE	-100	777137	-1	0	0	0	31	20	TRUE	0.221718213477427	0.626522092832305	7999	1023	0.0183553624934727	13371000	84
20220423 204856	binary	custom	TRUE	TRUE	FALSE	-100	777137	-1	0	0	0	31	557	TRUE	0.0103832127280683	0.999809141563577	2677	1007	0.0152360311590083	13700000	85
20220423 205108	binary	custom	TRUE	TRUE	FALSE	-100	777137	-1	0	0	0	31	60	TRUE	0.0295923994885226	0.99968737349791	777	1008	0.0135919093358277	13506000	86
20220423 205607	binary	custom	TRUE	TRUE	FALSE	-100	777137	-1	0	0	0	31	766	TRUE	0.010057277891891	0.280771499788404	2339	293	0.0151985680562214	13786000	87
20220423 205941	binary	custom	TRUE	TRUE	FALSE	-100	777137	-1	0	0	0	31	618	TRUE	0.0106494617492359	0.975188664162866	3442	55	0.0157793743577774	13603000	88
20220423 210338	binary	custom	TRUE	TRUE	FALSE	-100	777137	-1	0	0	0	31	516	TRUE	0.01015876546496	0.384467091651532	2886	1023	0.0162230168770812	13558000	89
20220423 210716	binary	custom	TRUE	TRUE	FALSE	-100	777137	-1	0	0	0	31	242	TRUE	0.010382743776069	0.835254046977979	1729	849	0.0146521962433655	13728000	90
20220423 211129	binary	custom	TRUE	TRUE	FALSE	-100	777137	-1	0	0	0	31	995	TRUE	0.0102863616410651	0.200486319091374	4082	1016	0.0201718713625767	13329000	91
20220423 211648	binary	custom	TRUE	TRUE	FALSE	-100	777137	-1	0	0	0	31	648	TRUE	0.0102333611452332	0.245822275010915	1676	242	0.0137056659549207	13959000	92
20220423 211709	binary	custom	TRUE	TRUE	FALSE	-100	777137	-1	0	0	0	31	103	TRUE	0.299007113880758	0.201239373703342	1662	16	0.0141041855002855	11901000	93
20220423 211911	binary	custom	TRUE	TRUE	FALSE	-100	777137	-1	0	0	0	31	554	TRUE	0.0105551694992286	0.830657205432127	2827	16	0.0147367932356931	13519000	94
20220423 212314	binary	custom	TRUE	TRUE	FALSE	-100	777137	-1	0	0	0	31	386	TRUE	0.0101199082381613	0.639123525291472	1927	1024	0.0171864727684378	13566000	95
20220423 212330	binary	custom	TRUE	TRUE	FALSE	-100	777137	-1	0	0	0	31	26	TRUE	0.27671678562634	0.802788104931792	7999	437	0.0173900949346517	13597000	96
20220423 212345	binary	custom	TRUE	TRUE	FALSE	-100	777137	-1	0	0	0	31	21	TRUE	0.255246127080696	0.743711124062704	6837	328	0.0173507181810287	13068000	97
20220423 212954	binary	custom	TRUE	TRUE	FALSE	-100	777137	-1	0	0	0	31	696	TRUE	0.0102653486365914	0.847171801559097	1583	1010	0.0106350684730646	13178000	98
20220423 213301	binary	custom	TRUE	TRUE	FALSE	-100	777137	-1	0	0	0	31	661	TRUE	0.0100666675816306	0.888799902864999	5580	1024	0.0167106778926853	13355000	99
20220423 213512	binary	custom	TRUE	TRUE	FALSE	-100	777137	-1	0	0	0	31	372	TRUE	0.0101183570461499	0.761325601603239	7147	1023	0.018945894395529	13201000	100
20220423 213526	binary	custom	TRUE	TRUE	FALSE	-100	777137	-1	0	0	0	31	19	TRUE	0.299547529269202	0.99693013004991	8000	527	0.0140733988998986	12700000	101
20220423 213831	binary	custom	TRUE	TRUE	FALSE	-100	777137	-1	0	0	0	31	559	TRUE	0.0107746883010909	0.953191040408612	4304	1024	0.0170287159336805	13524000	102
20220423 213846	binary	custom	TRUE	TRUE	FALSE	-100	777137	-1	0	0	0	31	19	TRUE	0.261136145379459	0.803701773324364	7313	973	0.0196929873666055	13561000	103
20220423 214204	binary	custom	TRUE	TRUE	FALSE	-100	777137	-1	0	0	0	31	630	TRUE	0.0103708802877513	0.713454153340403	4387	747	0.0163233241868633	13394000	104
20220423 214240	binary	custom	TRUE	TRUE	FALSE	-100	777137	-1	0	0	0	31	75	TRUE	0.0838573285243576	0.312534253065355	4347	1024	0.0155639258095892	13684000	105
20220423 214616	binary	custom	TRUE	TRUE	FALSE	-100	777137	-1	0	0	0	31	259	TRUE	0.0108290824468461	0.975721749387499	1691	233	0.0145046687147475	13670000	106
20220423 214629	binary	custom	TRUE	TRUE	FALSE	-100	777137	-1	0	0	0	31	13	TRUE	0.299962833458659	0.673689872896287	8000	456	0.0211341662806384	12742000	107
20220423 214646	binary	custom	TRUE	TRUE	FALSE	-100	777137	-1	0	0	0	31	36	TRUE	0.21840733778264	0.859548207869782	7470	478	0.0177626506499315	13486000	108
20220423 215210	binary	custom	TRUE	TRUE	FALSE	-100	777137	-1	0	0	0	31	469	TRUE	0.0102030543806253	0.998389239250259	1379	694	0.0144952007155113	13493000	109
20220423 215627	binary	custom	TRUE	TRUE	FALSE	-100	777137	-1	0	0	0	31	455	TRUE	0.0100827136310561	0.223191834400388	1772	953	0.0172185321341373	13837000	110
20220423 215954	binary	custom	TRUE	TRUE	FALSE	-100	777137	-1	0	0	0	31	434	TRUE	0.0100845399502796	0.795879633505037	2750	419	0.0169694916929211	13739000	111
20220423 220508	binary	custom	TRUE	TRUE	FALSE	-100	777137	-1	0	0	0	31	616	TRUE	0.0102839503170953	0.293310935998755	1792	799	0.0147209568126027	14105000	112
20220423 220736	binary	custom	TRUE	TRUE	FALSE	-100	777137	-1	0	0	0	31	405	TRUE	0.0136911011528066	0.345222756755794	4609	1024	0.0238911641257859	12616000	113
20220423 221400	binary	custom	TRUE	TRUE	FALSE	-100	777137	-1	0	0	0	31	909	TRUE	0.010009795857776	0.247284924781667	1772	820	0.0123689112598463	13797000	114
20220423 221417	binary	custom	TRUE	TRUE	FALSE	-100	777137	-1	0	0	0	31	32	TRUE	0.205335589138448	0.811372351513577	7999	888	0.0158146212113481	13488000	115
20220423 221638	binary	custom	TRUE	TRUE	FALSE	-100	777137	-1	0	0	0	31	698	TRUE	0.0101467884579341	0.202496759250583	1557	17	0.0492263310623326	8087000	116
20220423 221655	binary	custom	TRUE	TRUE	FALSE	-100	777137	-1	0	0	0	31	15	TRUE	0.0846260263577876	0.978570573343479	733	19	0.0114182213121695	13258000	117
20220423 222128	binary	custom	TRUE	TRUE	FALSE	-100	777137	-1	0	0	0	31	524	TRUE	0.0103131151489471	0.300030261176316	1924	800	0.0164831147964762	13827000	118
20220423 222517	binary	custom	TRUE	TRUE	FALSE	-100	777137	-1	0	0	0	31	316	TRUE	0.0105823882732395	0.294905025806138	1724	583	0.0146025980979843	13943000	119
20220423 223029	binary	custom	TRUE	TRUE	FALSE	-100	777137	-1	0	0	0	31	545	TRUE	0.0100131021748881	0.303734579307217	1657	942	0.0146754931179097	13871000	120
