min_split	min_bucket	cp	max_depth	seg	ganancia_promedio
10	5	-1	4	31.31	9026000
10	5	-1	6	41.73	10010000
10	5	-1	8	56.34	10066000
10	5	-1	10	71.56	9414000
10	5	-1	15	95.27	6522667
10	5	-1	20	107.5	2872000
10	5	-0.75	4	28.81	9026000
10	5	-0.75	6	40.85	10010000
10	5	-0.75	8	53.66	10066000
10	5	-0.75	10	64.58	9414000
10	5	-0.75	15	91.75	6522667
10	5	-0.75	20	105.98	2872000
10	5	-0.5	4	28.63	9026000
10	5	-0.5	6	41.11	10010000
10	5	-0.5	8	53.04	10066000
10	5	-0.5	10	64.82	9414000
10	5	-0.5	15	91.25	6522667
10	5	-0.5	20	106.6	2872000
10	5	-0.25	4	29.05	9026000
10	5	-0.25	6	40.82	10010000
10	5	-0.25	8	52.91	10066000
10	5	-0.25	10	64.79	9414000
10	5	-0.25	15	91.97	6522667
10	5	-0.25	20	106.03	2872000
10	5	0	4	29.01	3429333
10	5	0	6	41.05	8243333
10	5	0	8	52.86	8323333
10	5	0	10	64.68	9804000
10	5	0	15	88.72	9522000
10	5	0	20	103.22	7843333
10	5	0.001	4	28.58	1904667
10	5	0.001	6	40.88	3304667
10	5	0.001	8	52.64	3304667
10	5	0.001	10	64.09	3789333
10	5	0.001	15	85.67	3789333
10	5	0.001	20	97.04	3789333
10	5	0.002	4	28.7	0
10	5	0.002	6	38.91	0
10	5	0.002	8	50.85	0
10	5	0.002	10	59.78	0
10	5	0.002	15	75.94	0
10	5	0.002	20	87.24	0
10	5	0.003	4	27.99	0
10	5	0.003	6	39.61	0
10	5	0.003	8	49.92	0
10	5	0.003	10	56.76	0
10	5	0.003	15	70.9	0
10	5	0.003	20	77.9	0
10	5	0.004	4	28.37	0
10	5	0.004	6	39.35	0
10	5	0.004	8	47.72	0
10	5	0.004	10	54.99	0
10	5	0.004	15	67.05	0
10	5	0.004	20	71.27	0
10	5	0.005	4	28.68	0
10	5	0.005	6	38.79	0
10	5	0.005	8	46.5	0
10	5	0.005	10	53.44	0
10	5	0.005	15	62.75	0
10	5	0.005	20	65.55	0
10	5	0.006	4	28.75	0
10	5	0.006	6	38.16	0
10	5	0.006	8	45.4	0
10	5	0.006	10	51.43	0
10	5	0.006	15	60.6	0
10	5	0.006	20	62.6	0
10	5	0.007	4	28.52	0
10	5	0.007	6	37.6	0
10	5	0.007	8	44.09	0
10	5	0.007	10	50.71	0
10	5	0.007	15	58.18	0
10	5	0.007	20	58.23	0
10	5	0.008	4	28.58	0
10	5	0.008	6	37.32	0
10	5	0.008	8	44.73	0
10	5	0.008	10	50.09	0
10	5	0.008	15	55.25	0
10	5	0.008	20	55.96	0
10	5	0.009	4	28.47	0
10	5	0.009	6	36.77	0
10	5	0.009	8	42.85	0
10	5	0.009	10	47.85	0
10	5	0.009	15	52.64	0
10	5	0.009	20	53.16	0
10	5	0.01	4	28.22	0
10	5	0.01	6	36.68	0
10	5	0.01	8	42.67	0
10	5	0.01	10	47.35	0
10	5	0.01	15	50.57	0
10	5	0.01	20	50.49	0
25	5	-1	4	28.96	9016000
25	5	-1	6	41.03	9987333
25	5	-1	8	51.32	10053333
25	5	-1	10	63.78	9496667
25	5	-1	15	88.52	6648667
25	5	-1	20	102.88	3444667
25	5	-0.75	4	28.07	9016000
25	5	-0.75	6	39.85	9987333
25	5	-0.75	8	50.15	10053333
25	5	-0.75	10	63.3	9496667
25	5	-0.75	15	88.42	6648667
25	5	-0.75	20	102.31	3444667
25	5	-0.5	4	28.14	9016000
25	5	-0.5	6	39.78	9987333
25	5	-0.5	8	51.56	10053333
25	5	-0.5	10	64.08	9496667
25	5	-0.5	15	89.22	6648667
25	5	-0.5	20	104.21	3444667
25	5	-0.25	4	28.97	9016000
25	5	-0.25	6	40.96	9987333
25	5	-0.25	8	52.71	10053333
25	5	-0.25	10	64.11	9496667
25	5	-0.25	15	89.51	6648667
25	5	-0.25	20	104.14	3444667
25	5	0	4	28.24	1524667
25	5	0	6	40.41	2845333
25	5	0	8	52.57	4556667
25	5	0	10	63.48	8644000
25	5	0	15	89	9486000
25	5	0	20	101.64	9340000
25	5	0.001	4	28.88	0
25	5	0.001	6	40.56	0
25	5	0.001	8	52	0
25	5	0.001	10	63.1	0
25	5	0.001	15	85.83	0
25	5	0.001	20	98.18	0
25	5	0.002	4	28.3	0
25	5	0.002	6	39.34	0
25	5	0.002	8	50.89	0
25	5	0.002	10	60.33	0
25	5	0.002	15	74.89	0
25	5	0.002	20	83.74	0
25	5	0.003	4	27.89	0
25	5	0.003	6	38.9	0
25	5	0.003	8	48.47	0
25	5	0.003	10	55.51	0
25	5	0.003	15	70.77	0
25	5	0.003	20	76.11	0
25	5	0.004	4	27.03	0
25	5	0.004	6	38.37	0
25	5	0.004	8	46	0
25	5	0.004	10	53.67	0
25	5	0.004	15	65.06	0
25	5	0.004	20	69.01	0
25	5	0.005	4	27.98	0
25	5	0.005	6	37.78	0
25	5	0.005	8	45.1	0
25	5	0.005	10	51.2	0
25	5	0.005	15	61.59	0
25	5	0.005	20	64.34	0
25	5	0.006	4	27.89	0
25	5	0.006	6	37.27	0
25	5	0.006	8	44.81	0
25	5	0.006	10	50	0
25	5	0.006	15	58.18	0
25	5	0.006	20	59.88	0
25	5	0.007	4	27.7	0
25	5	0.007	6	36.16	0
25	5	0.007	8	43.33	0
25	5	0.007	10	48.8	0
25	5	0.007	15	56.02	0
25	5	0.007	20	56.6	0
25	5	0.008	4	27.84	0
25	5	0.008	6	35.93	0
25	5	0.008	8	43.06	0
25	5	0.008	10	48.47	0
25	5	0.008	15	53.86	0
25	5	0.008	20	54.11	0
25	5	0.009	4	27.94	0
25	5	0.009	6	36.1	0
25	5	0.009	8	41.91	0
25	5	0.009	10	46.44	0
25	5	0.009	15	51.5	0
25	5	0.009	20	51.4	0
25	5	0.01	4	28.23	0
25	5	0.01	6	35.06	0
25	5	0.01	8	41.4	0
25	5	0.01	10	46.19	0
25	5	0.01	15	50.42	0
25	5	0.01	20	50.45	0
25	12	-1	4	28.88	8947333
25	12	-1	6	40.72	10184000
25	12	-1	8	52.35	9520667
25	12	-1	10	63.29	8284000
25	12	-1	15	85.88	5219333
25	12	-1	20	96.44	3468000
25	12	-0.75	4	28	8947333
25	12	-0.75	6	39.9	10184000
25	12	-0.75	8	52.07	9520667
25	12	-0.75	10	63.16	8284000
25	12	-0.75	15	84.67	5219333
25	12	-0.75	20	96.59	3468000
25	12	-0.5	4	27.89	8947333
25	12	-0.5	6	39.89	10184000
25	12	-0.5	8	51.89	9520667
25	12	-0.5	10	63.18	8284000
25	12	-0.5	15	85.59	5219333
25	12	-0.5	20	97.29	3468000
25	12	-0.25	4	27.74	8947333
25	12	-0.25	6	39.86	10184000
25	12	-0.25	8	51.85	9520667
25	12	-0.25	10	62.93	8284000
25	12	-0.25	15	87.75	5219333
25	12	-0.25	20	98.84	3468000
25	12	0	4	28.27	0
25	12	0	6	40.49	0
25	12	0	8	52.48	0
25	12	0	10	64.16	4712667
25	12	0	15	85.35	9411333
25	12	0	20	95.8	9394667
25	12	0.001	4	28.4	0
25	12	0.001	6	40.49	0
25	12	0.001	8	51.9	0
25	12	0.001	10	63.49	0
25	12	0.001	15	81.92	0
25	12	0.001	20	92.03	0
25	12	0.002	4	28.86	0
25	12	0.002	6	40.27	0
25	12	0.002	8	51.93	0
25	12	0.002	10	60.1	0
25	12	0.002	15	74.52	0
25	12	0.002	20	81.51	0
25	12	0.003	4	29.07	0
25	12	0.003	6	40.81	0
25	12	0.003	8	51.71	0
25	12	0.003	10	56.8	0
25	12	0.003	15	67.01	0
25	12	0.003	20	70.42	0
25	12	0.004	4	27.68	0
25	12	0.004	6	39	0
25	12	0.004	8	47.63	0
25	12	0.004	10	53.12	0
25	12	0.004	15	61.87	0
25	12	0.004	20	64.62	0
25	12	0.005	4	28.14	0
25	12	0.005	6	38.44	0
25	12	0.005	8	44.29	0
25	12	0.005	10	50.58	0
25	12	0.005	15	56.83	0
25	12	0.005	20	58.65	0
25	12	0.006	4	28.6	0
25	12	0.006	6	38	0
25	12	0.006	8	43.97	0
25	12	0.006	10	48.43	0
25	12	0.006	15	53.91	0
25	12	0.006	20	55.2	0
25	12	0.007	4	28.74	0
25	12	0.007	6	36.99	0
25	12	0.007	8	42.67	0
25	12	0.007	10	47.27	0
25	12	0.007	15	51.74	0
25	12	0.007	20	51.73	0
25	12	0.008	4	29	0
25	12	0.008	6	36.77	0
25	12	0.008	8	43.04	0
25	12	0.008	10	46.56	0
25	12	0.008	15	50.12	0
25	12	0.008	20	49.72	0
25	12	0.009	4	28.79	0
25	12	0.009	6	35.56	0
25	12	0.009	8	41.36	0
25	12	0.009	10	43.96	0
25	12	0.009	15	47.01	0
25	12	0.009	20	46.59	0
25	12	0.01	4	28.37	0
25	12	0.01	6	35.47	0
25	12	0.01	8	41.04	0
25	12	0.01	10	43.91	0
25	12	0.01	15	45.08	0
25	12	0.01	20	45.26	0
50	5	-1	4	29.87	9016000
50	5	-1	6	40.33	10010000
50	5	-1	8	52.99	10088000
50	5	-1	10	65.22	9521333
50	5	-1	15	89.81	6911333
50	5	-1	20	105.31	4101333
50	5	-0.75	4	28.75	9016000
50	5	-0.75	6	40.66	10010000
50	5	-0.75	8	52.7	10088000
50	5	-0.75	10	64.05	9521333
50	5	-0.75	15	88.02	6911333
50	5	-0.75	20	100.75	4101333
50	5	-0.5	4	28.29	9016000
50	5	-0.5	6	39.46	10010000
50	5	-0.5	8	51.42	10088000
50	5	-0.5	10	62.17	9521333
50	5	-0.5	15	87	6911333
50	5	-0.5	20	101.09	4101333
50	5	-0.25	4	27.7	9016000
50	5	-0.25	6	39.67	10010000
50	5	-0.25	8	51.41	10088000
50	5	-0.25	10	63	9521333
50	5	-0.25	15	87.67	6911333
50	5	-0.25	20	102.16	4101333
50	5	0	4	27.63	0
50	5	0	6	38.99	1282000
50	5	0	8	51.81	4610667
50	5	0	10	62.36	8697333
50	5	0	15	86.25	8930000
50	5	0	20	99.87	8776000
50	5	0.001	4	28.03	0
50	5	0.001	6	39.19	0
50	5	0.001	8	51.07	0
50	5	0.001	10	62.48	0
50	5	0.001	15	83.31	0
50	5	0.001	20	95.09	0
50	5	0.002	4	28.15	0
50	5	0.002	6	39.6	0
50	5	0.002	8	50.29	0
50	5	0.002	10	59.75	0
50	5	0.002	15	76.12	0
50	5	0.002	20	85.53	0
50	5	0.003	4	28.12	0
50	5	0.003	6	39.26	0
50	5	0.003	8	49.05	0
50	5	0.003	10	57.77	0
50	5	0.003	15	70.59	0
50	5	0.003	20	78.04	0
50	5	0.004	4	27.69	0
50	5	0.004	6	39.26	0
50	5	0.004	8	47.31	0
50	5	0.004	10	53.5	0
50	5	0.004	15	65.35	0
50	5	0.004	20	69.24	0
50	5	0.005	4	28.21	0
50	5	0.005	6	37.59	0
50	5	0.005	8	45.38	0
50	5	0.005	10	50.88	0
50	5	0.005	15	61.89	0
50	5	0.005	20	63.54	0
50	5	0.006	4	27.5	0
50	5	0.006	6	36.7	0
50	5	0.006	8	44.05	0
50	5	0.006	10	49.45	0
50	5	0.006	15	58.57	0
50	5	0.006	20	59.74	0
50	5	0.007	4	27.76	0
50	5	0.007	6	36.04	0
50	5	0.007	8	43.2	0
50	5	0.007	10	49.02	0
50	5	0.007	15	55.48	0
50	5	0.007	20	57.31	0
50	5	0.008	4	27.82	0
50	5	0.008	6	36.26	0
50	5	0.008	8	43.08	0
50	5	0.008	10	48.39	0
50	5	0.008	15	53.96	0
50	5	0.008	20	55.05	0
50	5	0.009	4	27.91	0
50	5	0.009	6	35.22	0
50	5	0.009	8	41.73	0
50	5	0.009	10	46.55	0
50	5	0.009	15	51.43	0
50	5	0.009	20	51.24	0
50	5	0.01	4	28.67	0
50	5	0.01	6	36.05	0
50	5	0.01	8	42.37	0
50	5	0.01	10	47.15	0
50	5	0.01	15	50.74	0
50	5	0.01	20	50.75	0
50	12	-1	4	28.89	8939333
50	12	-1	6	41.62	10130000
50	12	-1	8	53.09	9385333
50	12	-1	10	65.42	7997333
50	12	-1	15	87.44	5477333
50	12	-1	20	100.25	3895333
50	12	-0.75	4	28.89	8939333
50	12	-0.75	6	40.97	10130000
50	12	-0.75	8	52.99	9385333
50	12	-0.75	10	64.07	7997333
50	12	-0.75	15	86.36	5477333
50	12	-0.75	20	98.1	3895333
50	12	-0.5	4	28.65	8939333
50	12	-0.5	6	39.36	10130000
50	12	-0.5	8	51.62	9385333
50	12	-0.5	10	62.36	7997333
50	12	-0.5	15	85.83	5477333
50	12	-0.5	20	98.19	3895333
50	12	-0.25	4	28.04	8939333
50	12	-0.25	6	40.87	10130000
50	12	-0.25	8	52.14	9385333
50	12	-0.25	10	63.6	7997333
50	12	-0.25	15	87.02	5477333
50	12	-0.25	20	99.7	3895333
50	12	0	4	28	0
50	12	0	6	40.23	0
50	12	0	8	51.88	0
50	12	0	10	63.43	0
50	12	0	15	84.09	5016000
50	12	0	20	95.87	5016000
50	12	0.001	4	28.4	0
50	12	0.001	6	39.87	0
50	12	0.001	8	51.65	0
50	12	0.001	10	63.75	0
50	12	0.001	15	82.93	0
50	12	0.001	20	91.95	0
50	12	0.002	4	28.4	0
50	12	0.002	6	40.63	0
50	12	0.002	8	51.61	0
50	12	0.002	10	60.04	0
50	12	0.002	15	73.75	0
50	12	0.002	20	81.24	0
50	12	0.003	4	28.3	0
50	12	0.003	6	40.57	0
50	12	0.003	8	49.86	0
50	12	0.003	10	55.48	0
50	12	0.003	15	66.84	0
50	12	0.003	20	70.61	0
50	12	0.004	4	27.89	0
50	12	0.004	6	39.23	0
50	12	0.004	8	47.37	0
50	12	0.004	10	53.47	0
50	12	0.004	15	62.56	0
50	12	0.004	20	64.4	0
50	12	0.005	4	28.95	0
50	12	0.005	6	38.27	0
50	12	0.005	8	45.61	0
50	12	0.005	10	49.59	0
50	12	0.005	15	55.76	0
50	12	0.005	20	56.82	0
50	12	0.006	4	28.24	0
50	12	0.006	6	37.52	0
50	12	0.006	8	42.52	0
50	12	0.006	10	47.77	0
50	12	0.006	15	53.46	0
50	12	0.006	20	54.43	0
50	12	0.007	4	27.86	0
50	12	0.007	6	36.09	0
50	12	0.007	8	40.86	0
50	12	0.007	10	46.43	0
50	12	0.007	15	49.48	0
50	12	0.007	20	50.78	0
50	12	0.008	4	28.12	0
50	12	0.008	6	35.98	0
50	12	0.008	8	41.55	0
50	12	0.008	10	45.39	0
50	12	0.008	15	48.16	0
50	12	0.008	20	49.32	0
50	12	0.009	4	28.33	0
50	12	0.009	6	35.16	0
50	12	0.009	8	40.58	0
50	12	0.009	10	43.68	0
50	12	0.009	15	45.58	0
50	12	0.009	20	46.61	0
50	12	0.01	4	28.05	0
50	12	0.01	6	34.65	0
50	12	0.01	8	40.02	0
50	12	0.01	10	43.48	0
50	12	0.01	15	44.58	0
50	12	0.01	20	44.85	0
50	25	-1	4	29.18	9126000
50	25	-1	6	41.98	9761333
50	25	-1	8	52.72	8741333
50	25	-1	10	63.74	7261333
50	25	-1	15	82.78	4766667
50	25	-1	20	91.44	3937333
50	25	-0.75	4	28.81	9126000
50	25	-0.75	6	41.43	9761333
50	25	-0.75	8	52.38	8741333
50	25	-0.75	10	63.82	7261333
50	25	-0.75	15	82.97	4766667
50	25	-0.75	20	91.66	3937333
50	25	-0.5	4	28.96	9126000
50	25	-0.5	6	41.31	9761333
50	25	-0.5	8	52.38	8741333
50	25	-0.5	10	64.08	7261333
50	25	-0.5	15	83.76	4766667
50	25	-0.5	20	91.05	3937333
50	25	-0.25	4	28.82	9126000
50	25	-0.25	6	39.99	9761333
50	25	-0.25	8	51.88	8741333
50	25	-0.25	10	64.48	7261333
50	25	-0.25	15	81.69	4766667
50	25	-0.25	20	90.6	3937333
50	25	0	4	27.45	0
50	25	0	6	39.55	0
50	25	0	8	50.88	0
50	25	0	10	61.62	0
50	25	0	15	77.37	0
50	25	0	20	87.21	0
50	25	0.001	4	27.52	0
50	25	0.001	6	39.58	0
50	25	0.001	8	51.76	0
50	25	0.001	10	62.36	0
50	25	0.001	15	76.65	0
50	25	0.001	20	82.86	0
50	25	0.002	4	28.44	0
50	25	0.002	6	40.37	0
50	25	0.002	8	50.74	0
50	25	0.002	10	58.25	0
50	25	0.002	15	67.25	0
50	25	0.002	20	72.47	0
50	25	0.003	4	28.03	0
50	25	0.003	6	39.52	0
50	25	0.003	8	49.3	0
50	25	0.003	10	54.06	0
50	25	0.003	15	61.92	0
50	25	0.003	20	65.36	0
50	25	0.004	4	27.92	0
50	25	0.004	6	39.22	0
50	25	0.004	8	46.54	0
50	25	0.004	10	51.02	0
50	25	0.004	15	57.71	0
50	25	0.004	20	58.14	0
50	25	0.005	4	28.69	0
50	25	0.005	6	37.79	0
50	25	0.005	8	43.98	0
50	25	0.005	10	47.42	0
50	25	0.005	15	53	0
50	25	0.005	20	52.98	0
50	25	0.006	4	27.95	0
50	25	0.006	6	36.61	0
50	25	0.006	8	42.56	0
50	25	0.006	10	46.64	0
50	25	0.006	15	49.23	0
50	25	0.006	20	49.07	0
50	25	0.007	4	27.39	0
50	25	0.007	6	34.92	0
50	25	0.007	8	39.25	0
50	25	0.007	10	43.45	0
50	25	0.007	15	45.73	0
50	25	0.007	20	46.49	0
50	25	0.008	4	27.26	0
50	25	0.008	6	35.13	0
50	25	0.008	8	39.5	0
50	25	0.008	10	42.45	0
50	25	0.008	15	44.64	0
50	25	0.008	20	44.45	0
50	25	0.009	4	26.84	0
50	25	0.009	6	33.1	0
50	25	0.009	8	38.04	0
50	25	0.009	10	40.06	0
50	25	0.009	15	42.9	0
50	25	0.009	20	42.06	0
50	25	0.01	4	27.35	0
50	25	0.01	6	33.11	0
50	25	0.01	8	37.31	0
50	25	0.01	10	40.14	0
50	25	0.01	15	40.32	0
50	25	0.01	20	40.53	0
100	5	-1	4	28.45	9016000
100	5	-1	6	39.64	10084667
100	5	-1	8	52.2	10056000
100	5	-1	10	63.33	9545333
100	5	-1	15	88.45	7066667
100	5	-1	20	103.1	4849333
100	5	-0.75	4	28.81	9016000
100	5	-0.75	6	40.67	10084667
100	5	-0.75	8	51.84	10056000
100	5	-0.75	10	63.84	9545333
100	5	-0.75	15	89.17	7066667
100	5	-0.75	20	102.87	4849333
100	5	-0.5	4	28.78	9016000
100	5	-0.5	6	40.43	10084667
100	5	-0.5	8	52.08	10056000
100	5	-0.5	10	63.88	9545333
100	5	-0.5	15	89.43	7066667
100	5	-0.5	20	103.31	4849333
100	5	-0.25	4	28.94	9016000
100	5	-0.25	6	39.61	10084667
100	5	-0.25	8	52.65	10056000
100	5	-0.25	10	63.55	9545333
100	5	-0.25	15	89.86	7066667
100	5	-0.25	20	103.63	4849333
100	5	0	4	27.44	0
100	5	0	6	39.48	1282000
100	5	0	8	50.98	4539333
100	5	0	10	61.88	8186000
100	5	0	15	86.44	8417333
100	5	0	20	100.19	8602667
100	5	0.001	4	27.34	0
100	5	0.001	6	38.46	0
100	5	0.001	8	50.83	0
100	5	0.001	10	62.26	0
100	5	0.001	15	83.68	0
100	5	0.001	20	96.15	0
100	5	0.002	4	27.4	0
100	5	0.002	6	39.11	0
100	5	0.002	8	51.28	0
100	5	0.002	10	60.45	0
100	5	0.002	15	75.9	0
100	5	0.002	20	86.03	0
100	5	0.003	4	27.83	0
100	5	0.003	6	39.36	0
100	5	0.003	8	49.95	0
100	5	0.003	10	57.55	0
100	5	0.003	15	71	0
100	5	0.003	20	78.61	0
100	5	0.004	4	29.03	0
100	5	0.004	6	38.61	0
100	5	0.004	8	47.57	0
100	5	0.004	10	54.27	0
100	5	0.004	15	65.56	0
100	5	0.004	20	69.22	0
100	5	0.005	4	27.76	0
100	5	0.005	6	37.88	0
100	5	0.005	8	45.75	0
100	5	0.005	10	50.87	0
100	5	0.005	15	62.34	0
100	5	0.005	20	63.32	0
100	5	0.006	4	27.07	0
100	5	0.006	6	37.22	0
100	5	0.006	8	44.48	0
100	5	0.006	10	49.96	0
100	5	0.006	15	58.7	0
100	5	0.006	20	59.69	0
100	5	0.007	4	27.63	0
100	5	0.007	6	36.13	0
100	5	0.007	8	41.8	0
100	5	0.007	10	47.39	0
100	5	0.007	15	54.08	0
100	5	0.007	20	54.72	0
100	5	0.008	4	26.61	0
100	5	0.008	6	34.99	0
100	5	0.008	8	40.93	0
100	5	0.008	10	46.29	0
100	5	0.008	15	56.81	0
100	5	0.008	20	58.78	0
100	5	0.009	4	26.82	0
100	5	0.009	6	33.84	0
100	5	0.009	8	40.32	0
100	5	0.009	10	44.37	0
100	5	0.009	15	49.18	0
100	5	0.009	20	49.17	0
100	5	0.01	4	26.64	0
100	5	0.01	6	34.53	0
100	5	0.01	8	40.23	0
100	5	0.01	10	45.09	0
100	5	0.01	15	47.79	0
100	5	0.01	20	47.9	0
100	12	-1	4	27.78	8939333
100	12	-1	6	38.72	10130667
100	12	-1	8	51.02	9423333
100	12	-1	10	61.3	8086667
100	12	-1	15	83.85	5774000
100	12	-1	20	95.17	4712000
100	12	-0.75	4	27.42	8939333
100	12	-0.75	6	40.99	10130667
100	12	-0.75	8	50.27	9423333
100	12	-0.75	10	61.86	8086667
100	12	-0.75	15	83.3	5774000
100	12	-0.75	20	95.36	4712000
100	12	-0.5	4	27.36	8939333
100	12	-0.5	6	39.07	10130667
100	12	-0.5	8	50.26	9423333
100	12	-0.5	10	62.53	8086667
100	12	-0.5	15	84.17	5774000
100	12	-0.5	20	95.59	4712000
100	12	-0.25	4	28.2	8939333
100	12	-0.25	6	39.34	10130667
100	12	-0.25	8	51.81	9423333
100	12	-0.25	10	62.21	8086667
100	12	-0.25	15	84.74	5774000
100	12	-0.25	20	96.2	4712000
100	12	0	4	27.98	0
100	12	0	6	39.03	0
100	12	0	8	51.34	0
100	12	0	10	60.78	0
100	12	0	15	80.46	0
100	12	0	20	89.91	0
100	12	0.001	4	27.15	0
100	12	0.001	6	37.88	0
100	12	0.001	8	48.66	0
100	12	0.001	10	60.97	0
100	12	0.001	15	78.54	0
100	12	0.001	20	86.51	0
100	12	0.002	4	27.15	0
100	12	0.002	6	38.46	0
100	12	0.002	8	48.65	0
100	12	0.002	10	57.77	0
100	12	0.002	15	70.24	0
100	12	0.002	20	77.06	0
100	12	0.003	4	26.67	0
100	12	0.003	6	39.12	0
100	12	0.003	8	47.65	0
100	12	0.003	10	54.38	0
100	12	0.003	15	63.66	0
100	12	0.003	20	69.19	0
100	12	0.004	4	27.29	0
100	12	0.004	6	38.32	0
100	12	0.004	8	45.78	0
100	12	0.004	10	51.7	0
100	12	0.004	15	59.92	0
100	12	0.004	20	62.14	0
100	12	0.005	4	27.52	0
100	12	0.005	6	37.77	0
100	12	0.005	8	42.75	0
100	12	0.005	10	48.91	0
100	12	0.005	15	55.23	0
100	12	0.005	20	56.89	0
100	12	0.006	4	27.15	0
100	12	0.006	6	35.89	0
100	12	0.006	8	42.34	0
100	12	0.006	10	47.03	0
100	12	0.006	15	51.86	0
100	12	0.006	20	53.27	0
100	12	0.007	4	27.03	0
100	12	0.007	6	35.27	0
100	12	0.007	8	40.93	0
100	12	0.007	10	45.64	0
100	12	0.007	15	49.8	0
100	12	0.007	20	49.45	0
100	12	0.008	4	26.96	0
100	12	0.008	6	35.43	0
100	12	0.008	8	40.81	0
100	12	0.008	10	44.84	0
100	12	0.008	15	47.35	0
100	12	0.008	20	47.6	0
100	12	0.009	4	26.38	0
100	12	0.009	6	33.47	0
100	12	0.009	8	37.78	0
100	12	0.009	10	42.33	0
100	12	0.009	15	43.08	0
100	12	0.009	20	44.35	0
100	12	0.01	4	26.44	0
100	12	0.01	6	33.26	0
100	12	0.01	8	38.5	0
100	12	0.01	10	41.5	0
100	12	0.01	15	42.23	0
100	12	0.01	20	42.58	0
100	25	-1	4	27.32	9126000
100	25	-1	6	38.86	9820000
100	25	-1	8	50.81	8884667
100	25	-1	10	61.69	7027333
100	25	-1	15	80.6	4241333
100	25	-1	20	87.52	3594667
100	25	-0.75	4	28.24	9126000
100	25	-0.75	6	39.37	9820000
100	25	-0.75	8	51.36	8884667
100	25	-0.75	10	61.34	7027333
100	25	-0.75	15	80.28	4241333
100	25	-0.75	20	88.1	3594667
100	25	-0.5	4	28.22	9126000
100	25	-0.5	6	39.49	9820000
100	25	-0.5	8	51.35	8884667
100	25	-0.5	10	61.8	7027333
100	25	-0.5	15	79.62	4241333
100	25	-0.5	20	89	3594667
100	25	-0.25	4	28.02	9126000
100	25	-0.25	6	39.3	9820000
100	25	-0.25	8	50.88	8884667
100	25	-0.25	10	62.43	7027333
100	25	-0.25	15	80.43	4241333
100	25	-0.25	20	89.61	3594667
100	25	0	4	27.91	0
100	25	0	6	38.75	0
100	25	0	8	49.99	0
100	25	0	10	61.49	0
100	25	0	15	78.15	0
100	25	0	20	85.85	0
100	25	0.001	4	28.23	0
100	25	0.001	6	39.16	0
100	25	0.001	8	50.99	0
100	25	0.001	10	62.04	0
100	25	0.001	15	73.51	0
100	25	0.001	20	79.7	0
100	25	0.002	4	27.71	0
100	25	0.002	6	39.28	0
100	25	0.002	8	48.53	0
100	25	0.002	10	56.74	0
100	25	0.002	15	66.03	0
100	25	0.002	20	70.44	0
100	25	0.003	4	26.76	0
100	25	0.003	6	38.12	0
100	25	0.003	8	47.29	0
100	25	0.003	10	53.17	0
100	25	0.003	15	59.66	0
100	25	0.003	20	62.42	0
100	25	0.004	4	27.51	0
100	25	0.004	6	38.11	0
100	25	0.004	8	44.59	0
100	25	0.004	10	49.3	0
100	25	0.004	15	55.19	0
100	25	0.004	20	56.68	0
100	25	0.005	4	27.15	0
100	25	0.005	6	36.81	0
100	25	0.005	8	42.09	0
100	25	0.005	10	46.48	0
100	25	0.005	15	52.04	0
100	25	0.005	20	52.05	0
100	25	0.006	4	27.03	0
100	25	0.006	6	36.33	0
100	25	0.006	8	41.11	0
100	25	0.006	10	44.67	0
100	25	0.006	15	48.25	0
100	25	0.006	20	48.42	0
100	25	0.007	4	27.54	0
100	25	0.007	6	34.44	0
100	25	0.007	8	39.64	0
100	25	0.007	10	43.16	0
100	25	0.007	15	45.34	0
100	25	0.007	20	46.24	0
100	25	0.008	4	27.26	0
100	25	0.008	6	33.87	0
100	25	0.008	8	39.71	0
100	25	0.008	10	42.11	0
100	25	0.008	15	44.04	0
100	25	0.008	20	43.96	0
100	25	0.009	4	26.72	0
100	25	0.009	6	33.54	0
100	25	0.009	8	37.81	0
100	25	0.009	10	40.56	0
100	25	0.009	15	41.79	0
100	25	0.009	20	41.87	0
100	25	0.01	4	26.7	0
100	25	0.01	6	32.99	0
100	25	0.01	8	36.63	0
100	25	0.01	10	38.71	0
100	25	0.01	15	40	0
100	25	0.01	20	38.98	0
100	50	-1	4	27.35	9896667
100	50	-1	6	38.26	10190667
100	50	-1	8	50.57	8107333
100	50	-1	10	61.24	6301333
100	50	-1	15	77.82	3995333
100	50	-1	20	82.96	3476667
100	50	-0.75	4	27.3	9896667
100	50	-0.75	6	39.07	10190667
100	50	-0.75	8	50.01	8107333
100	50	-0.75	10	61.27	6301333
100	50	-0.75	15	77.45	3995333
100	50	-0.75	20	82.93	3476667
100	50	-0.5	4	27.72	9896667
100	50	-0.5	6	38.8	10190667
100	50	-0.5	8	51.83	8107333
100	50	-0.5	10	61.84	6301333
100	50	-0.5	15	78.7	3995333
100	50	-0.5	20	83.81	3476667
100	50	-0.25	4	27.75	9896667
100	50	-0.25	6	40.17	10190667
100	50	-0.25	8	51.01	8107333
100	50	-0.25	10	62.38	6301333
100	50	-0.25	15	78.51	3995333
100	50	-0.25	20	84.22	3476667
100	50	0	4	27.21	0
100	50	0	6	39.42	0
100	50	0	8	50.43	0
100	50	0	10	60	0
100	50	0	15	75.66	0
100	50	0	20	81.95	0
100	50	0.001	4	27.67	0
100	50	0.001	6	39.5	0
100	50	0.001	8	50.49	0
100	50	0.001	10	60.95	0
100	50	0.001	15	72.66	0
100	50	0.001	20	77.71	0
100	50	0.002	4	27.94	0
100	50	0.002	6	39.32	0
100	50	0.002	8	49.97	0
100	50	0.002	10	55.69	0
100	50	0.002	15	63.55	0
100	50	0.002	20	64.42	0
100	50	0.003	4	27.16	0
100	50	0.003	6	39.08	0
100	50	0.003	8	47.26	0
100	50	0.003	10	52.17	0
100	50	0.003	15	57.04	0
100	50	0.003	20	57.62	0
100	50	0.004	4	27.65	0
100	50	0.004	6	37.92	0
100	50	0.004	8	44.56	0
100	50	0.004	10	48.32	0
100	50	0.004	15	52.84	0
100	50	0.004	20	52.36	0
100	50	0.005	4	27.68	0
100	50	0.005	6	36.89	0
100	50	0.005	8	43.33	0
100	50	0.005	10	45.34	0
100	50	0.005	15	47.91	0
100	50	0.005	20	47.33	0
100	50	0.006	4	27.42	0
100	50	0.006	6	35.71	0
100	50	0.006	8	41	0
100	50	0.006	10	43.01	0
100	50	0.006	15	44.53	0
100	50	0.006	20	44.27	0
100	50	0.007	4	27.04	0
100	50	0.007	6	34.37	0
100	50	0.007	8	39.56	0
100	50	0.007	10	41.12	0
100	50	0.007	15	42.6	0
100	50	0.007	20	43.22	0
100	50	0.008	4	27.12	0
100	50	0.008	6	34.39	0
100	50	0.008	8	38.51	0
100	50	0.008	10	40.73	0
100	50	0.008	15	41.51	0
100	50	0.008	20	41.38	0
100	50	0.009	4	26.54	0
100	50	0.009	6	32.96	0
100	50	0.009	8	37.73	0
100	50	0.009	10	38.48	0
100	50	0.009	15	38.92	0
100	50	0.009	20	39.5	0
100	50	0.01	4	26.97	0
100	50	0.01	6	33.35	0
100	50	0.01	8	36.09	0
100	50	0.01	10	37.39	0
100	50	0.01	15	37.71	0
100	50	0.01	20	38.07	0
250	5	-1	4	27.63	9016000
250	5	-1	6	39.45	10059333
250	5	-1	8	50.77	10013333
250	5	-1	10	61.55	9583333
250	5	-1	15	85.82	7588000
250	5	-1	20	98.02	6312667
250	5	-0.75	4	26.89	9016000
250	5	-0.75	6	37.92	10059333
250	5	-0.75	8	50.29	10013333
250	5	-0.75	10	60.08	9583333
250	5	-0.75	15	84.87	7588000
250	5	-0.75	20	97.69	6312667
250	5	-0.5	4	27.23	9016000
250	5	-0.5	6	38.17	10059333
250	5	-0.5	8	48.85	10013333
250	5	-0.5	10	60.12	9583333
250	5	-0.5	15	85.7	7588000
250	5	-0.5	20	98.47	6312667
250	5	-0.25	4	27.38	9016000
250	5	-0.25	6	38.88	10059333
250	5	-0.25	8	49.34	10013333
250	5	-0.25	10	61.12	9583333
250	5	-0.25	15	85.62	7588000
250	5	-0.25	20	98.26	6312667
250	5	0	4	26.6	0
250	5	0	6	38.03	1282000
250	5	0	8	50.29	4539333
250	5	0	10	61.06	8186000
250	5	0	15	83.64	8188667
250	5	0	20	96.38	8188667
250	5	0.001	4	26.81	0
250	5	0.001	6	38.24	0
250	5	0.001	8	48.96	0
250	5	0.001	10	60.19	0
250	5	0.001	15	80.5	0
250	5	0.001	20	92.9	0
250	5	0.002	4	27.42	0
250	5	0.002	6	37.74	0
250	5	0.002	8	49.02	0
250	5	0.002	10	59.31	0
250	5	0.002	15	73.9	0
250	5	0.002	20	83.47	0
250	5	0.003	4	27.25	0
250	5	0.003	6	38.54	0
250	5	0.003	8	48.77	0
250	5	0.003	10	55.84	0
250	5	0.003	15	67.63	0
250	5	0.003	20	73.81	0
250	5	0.004	4	26.85	0
250	5	0.004	6	36.71	0
250	5	0.004	8	45.64	0
250	5	0.004	10	51.48	0
250	5	0.004	15	64.36	0
250	5	0.004	20	67.01	0
250	5	0.005	4	26.97	0
250	5	0.005	6	36.94	0
250	5	0.005	8	43.64	0
250	5	0.005	10	49.77	0
250	5	0.005	15	57.78	0
250	5	0.005	20	62	0
250	5	0.006	4	26.83	0
250	5	0.006	6	35.6	0
250	5	0.006	8	43.24	0
250	5	0.006	10	48.23	0
250	5	0.006	15	56.66	0
250	5	0.006	20	58.41	0
250	5	0.007	4	27.15	0
250	5	0.007	6	34.77	0
250	5	0.007	8	41.25	0
250	5	0.007	10	47.68	0
250	5	0.007	15	54.28	0
250	5	0.007	20	54.83	0
250	5	0.008	4	26.92	0
250	5	0.008	6	35.05	0
250	5	0.008	8	41.49	0
250	5	0.008	10	46.92	0
250	5	0.008	15	51.83	0
250	5	0.008	20	53.38	0
250	5	0.009	4	27.06	0
250	5	0.009	6	34.18	0
250	5	0.009	8	40.46	0
250	5	0.009	10	45.78	0
250	5	0.009	15	50.72	0
250	5	0.009	20	50.49	0
250	5	0.01	4	27.06	0
250	5	0.01	6	34.47	0
250	5	0.01	8	41	0
250	5	0.01	10	45.83	0
250	5	0.01	15	49.01	0
250	5	0.01	20	48.41	0
250	12	-1	4	28.3	8939333
250	12	-1	6	40.27	10190000
250	12	-1	8	51.51	9454667
250	12	-1	10	62.87	8120667
250	12	-1	15	84.85	6256667
250	12	-1	20	95.68	5725333
250	12	-0.75	4	27.92	8939333
250	12	-0.75	6	40.03	10190000
250	12	-0.75	8	50.73	9454667
250	12	-0.75	10	61.34	8120667
250	12	-0.75	15	82.23	6256667
250	12	-0.75	20	92.95	5725333
250	12	-0.5	4	27.47	8939333
250	12	-0.5	6	40.41	10190000
250	12	-0.5	8	50.66	9454667
250	12	-0.5	10	61.82	8120667
250	12	-0.5	15	81.98	6256667
250	12	-0.5	20	92.9	5725333
250	12	-0.25	4	27.91	8939333
250	12	-0.25	6	39.05	10190000
250	12	-0.25	8	50.67	9454667
250	12	-0.25	10	61.5	8120667
250	12	-0.25	15	83.58	6256667
250	12	-0.25	20	94.75	5725333
250	12	0	4	27.07	0
250	12	0	6	38.56	0
250	12	0	8	50.17	0
250	12	0	10	61.37	0
250	12	0	15	80.55	0
250	12	0	20	91.99	0
250	12	0.001	4	27.64	0
250	12	0.001	6	38.58	0
250	12	0.001	8	50.53	0
250	12	0.001	10	60.9	0
250	12	0.001	15	78.65	0
250	12	0.001	20	88.92	0
250	12	0.002	4	27.55	0
250	12	0.002	6	39.17	0
250	12	0.002	8	50.26	0
250	12	0.002	10	57.81	0
250	12	0.002	15	71.4	0
250	12	0.002	20	77.83	0
250	12	0.003	4	27.61	0
250	12	0.003	6	39.34	0
250	12	0.003	8	48.52	0
250	12	0.003	10	55.05	0
250	12	0.003	15	65.9	0
250	12	0.003	20	69.45	0
250	12	0.004	4	27.57	0
250	12	0.004	6	38.26	0
250	12	0.004	8	44.97	0
250	12	0.004	10	50.76	0
250	12	0.004	15	59.89	0
250	12	0.004	20	61.57	0
250	12	0.005	4	26.91	0
250	12	0.005	6	37.38	0
250	12	0.005	8	43.42	0
250	12	0.005	10	48.71	0
250	12	0.005	15	55.68	0
250	12	0.005	20	56	0
250	12	0.006	4	26.82	0
250	12	0.006	6	36.78	0
250	12	0.006	8	41.66	0
250	12	0.006	10	47.58	0
250	12	0.006	15	51.32	0
250	12	0.006	20	53.69	0
250	12	0.007	4	27.23	0
250	12	0.007	6	34.21	0
250	12	0.007	8	41.47	0
250	12	0.007	10	45.32	0
250	12	0.007	15	49.56	0
250	12	0.007	20	49.2	0
250	12	0.008	4	27.35	0
250	12	0.008	6	35.26	0
250	12	0.008	8	40.43	0
250	12	0.008	10	45.13	0
250	12	0.008	15	47	0
250	12	0.008	20	47.55	0
250	12	0.009	4	27.42	0
250	12	0.009	6	33.9	0
250	12	0.009	8	39.36	0
250	12	0.009	10	42.21	0
250	12	0.009	15	45.22	0
250	12	0.009	20	44.53	0
250	12	0.01	4	27.49	0
250	12	0.01	6	33.8	0
250	12	0.01	8	39.2	0
250	12	0.01	10	41.43	0
250	12	0.01	15	46.69	0
250	12	0.01	20	43.75	0
250	25	-1	4	28.01	9096667
250	25	-1	6	40.28	9770000
250	25	-1	8	51.5	8952000
250	25	-1	10	63.18	7848000
250	25	-1	15	80.75	6136667
250	25	-1	20	89.4	5708000
250	25	-0.75	4	28.76	9096667
250	25	-0.75	6	40.22	9770000
250	25	-0.75	8	52.05	8952000
250	25	-0.75	10	62.53	7848000
250	25	-0.75	15	80.06	6136667
250	25	-0.75	20	88.21	5708000
250	25	-0.5	4	28.23	9096667
250	25	-0.5	6	40.56	9770000
250	25	-0.5	8	53.98	8952000
250	25	-0.5	10	61.65	7848000
250	25	-0.5	15	79.9	6136667
250	25	-0.5	20	87.27	5708000
250	25	-0.25	4	27.46	9096667
250	25	-0.25	6	39.44	9770000
250	25	-0.25	8	50.43	8952000
250	25	-0.25	10	61.92	7848000
250	25	-0.25	15	80.25	6136667
250	25	-0.25	20	87.86	5708000
250	25	0	4	27.57	0
250	25	0	6	39.37	0
250	25	0	8	49.73	0
250	25	0	10	60.7	0
250	25	0	15	77.82	0
250	25	0	20	83.35	0
250	25	0.001	4	28.04	0
250	25	0.001	6	39.79	0
250	25	0.001	8	50.93	0
250	25	0.001	10	61.22	0
250	25	0.001	15	74.83	0
250	25	0.001	20	80.91	0
250	25	0.002	4	27.62	0
250	25	0.002	6	39.25	0
250	25	0.002	8	49.87	0
250	25	0.002	10	55.8	0
250	25	0.002	15	66.67	0
250	25	0.002	20	71.1	0
250	25	0.003	4	27.82	0
250	25	0.003	6	39.88	0
250	25	0.003	8	48.59	0
250	25	0.003	10	53.74	0
250	25	0.003	15	60.36	0
250	25	0.003	20	63.7	0
250	25	0.004	4	27.83	0
250	25	0.004	6	39.45	0
250	25	0.004	8	46.55	0
250	25	0.004	10	50.01	0
250	25	0.004	15	55.28	0
250	25	0.004	20	55.75	0
250	25	0.005	4	27.73	0
250	25	0.005	6	37.08	0
250	25	0.005	8	42.26	0
250	25	0.005	10	46.48	0
250	25	0.005	15	51.17	0
250	25	0.005	20	52	0
250	25	0.006	4	27.22	0
250	25	0.006	6	35.7	0
250	25	0.006	8	41.33	0
250	25	0.006	10	44.35	0
250	25	0.006	15	47.65	0
250	25	0.006	20	47.32	0
250	25	0.007	4	28.01	0
250	25	0.007	6	35.25	0
250	25	0.007	8	39.35	0
250	25	0.007	10	42.99	0
250	25	0.007	15	46.08	0
250	25	0.007	20	45.53	0
250	25	0.008	4	27.68	0
250	25	0.008	6	34.53	0
250	25	0.008	8	39.96	0
250	25	0.008	10	42.29	0
250	25	0.008	15	44.12	0
250	25	0.008	20	43.56	0
250	25	0.009	4	27.43	0
250	25	0.009	6	33.27	0
250	25	0.009	8	37.37	0
250	25	0.009	10	40.76	0
250	25	0.009	15	41.46	0
250	25	0.009	20	42.13	0
250	25	0.01	4	26.76	0
250	25	0.01	6	32.94	0
250	25	0.01	8	36.88	0
250	25	0.01	10	39.69	0
250	25	0.01	15	40.43	0
250	25	0.01	20	40.87	0
250	50	-1	4	27.96	9867333
250	50	-1	6	40.4	10172667
250	50	-1	8	51.5	8168667
250	50	-1	10	61.81	6236667
250	50	-1	15	77.78	4771333
250	50	-1	20	84.32	4565333
250	50	-0.75	4	28.2	9867333
250	50	-0.75	6	39.95	10172667
250	50	-0.75	8	51.38	8168667
250	50	-0.75	10	62.35	6236667
250	50	-0.75	15	78.65	4771333
250	50	-0.75	20	84.99	4565333
250	50	-0.5	4	28.71	9867333
250	50	-0.5	6	39.61	10172667
250	50	-0.5	8	50.74	8168667
250	50	-0.5	10	61.1	6236667
250	50	-0.5	15	76.63	4771333
250	50	-0.5	20	83.01	4565333
250	50	-0.25	4	27.91	9867333
250	50	-0.25	6	39.32	10172667
250	50	-0.25	8	50.95	8168667
250	50	-0.25	10	60.71	6236667
250	50	-0.25	15	76.59	4771333
250	50	-0.25	20	83.92	4565333
250	50	0	4	27.57	0
250	50	0	6	38.6	0
250	50	0	8	50	0
250	50	0	10	60.29	0
250	50	0	15	75.07	0
250	50	0	20	80.45	0
250	50	0.001	4	27.99	0
250	50	0.001	6	39.25	0
250	50	0.001	8	50.05	0
250	50	0.001	10	60.27	0
250	50	0.001	15	71.89	0
250	50	0.001	20	75.87	0
250	50	0.002	4	27.47	0
250	50	0.002	6	41.59	0
250	50	0.002	8	52.08	0
250	50	0.002	10	58.41	0
250	50	0.002	15	67.97	0
250	50	0.002	20	70.04	0
250	50	0.003	4	28.67	0
250	50	0.003	6	40.66	0
250	50	0.003	8	49.31	0
250	50	0.003	10	53.42	0
250	50	0.003	15	58.93	0
250	50	0.003	20	60.63	0
250	50	0.004	4	28.26	0
250	50	0.004	6	40.04	0
250	50	0.004	8	45.79	0
250	50	0.004	10	50.33	0
250	50	0.004	15	54.03	0
250	50	0.004	20	54.29	0
250	50	0.005	4	28.89	0
250	50	0.005	6	38.5	0
250	50	0.005	8	39.65	0
250	50	0.005	10	41.21	0
250	50	0.005	15	42.79	0
250	50	0.005	20	44.9	0
250	50	0.006	4	25.08	0
250	50	0.006	6	33.29	0
250	50	0.006	8	36.73	0
250	50	0.006	10	39.28	0
250	50	0.006	15	41.01	0
250	50	0.006	20	42.51	0
250	50	0.007	4	24.99	0
250	50	0.007	6	31.6	0
250	50	0.007	8	35.65	0
250	50	0.007	10	37.87	0
250	50	0.007	15	38.52	0
250	50	0.007	20	38.66	0
250	50	0.008	4	24.92	0
250	50	0.008	6	31.54	0
250	50	0.008	8	35.43	0
250	50	0.008	10	36.71	0
250	50	0.008	15	37.57	0
250	50	0.008	20	38.68	0
250	50	0.009	4	24.65	0
250	50	0.009	6	29.87	0
250	50	0.009	8	34.52	0
250	50	0.009	10	35.41	0
250	50	0.009	15	34.85	0
250	50	0.009	20	35.67	0
250	50	0.01	4	25.62	0
250	50	0.01	6	30.47	0
250	50	0.01	8	33.8	0
250	50	0.01	10	34.52	0
250	50	0.01	15	34.59	0
250	50	0.01	20	34.23	0
250	125	-1	4	26.43	10052667
250	125	-1	6	37.13	10030000
250	125	-1	8	50.94	8080000
250	125	-1	10	55.87	7349333
250	125	-1	15	65.98	6485333
250	125	-1	20	68.33	6485333
250	125	-0.75	4	25.38	10052667
250	125	-0.75	6	36.67	10030000
250	125	-0.75	8	46.36	8080000
250	125	-0.75	10	55.35	7349333
250	125	-0.75	15	64.96	6485333
250	125	-0.75	20	68.03	6485333
250	125	-0.5	4	25.51	10052667
250	125	-0.5	6	37.05	10030000
250	125	-0.5	8	47.51	8080000
250	125	-0.5	10	59.6	7349333
250	125	-0.5	15	71.47	6485333
250	125	-0.5	20	75.42	6485333
250	125	-0.25	4	27.68	10052667
250	125	-0.25	6	37.76	10030000
250	125	-0.25	8	46.86	8080000
250	125	-0.25	10	56.29	7349333
250	125	-0.25	15	67.98	6485333
250	125	-0.25	20	70.19	6485333
250	125	0	4	24.65	0
250	125	0	6	36.87	0
250	125	0	8	46.56	0
250	125	0	10	55.33	0
250	125	0	15	66.18	0
250	125	0	20	66.3	0
250	125	0.001	4	25.72	0
250	125	0.001	6	36.38	0
250	125	0.001	8	45.98	0
250	125	0.001	10	53.99	0
250	125	0.001	15	60.77	0
250	125	0.001	20	61.92	0
250	125	0.002	4	25.4	0
250	125	0.002	6	37.59	0
250	125	0.002	8	45.33	0
250	125	0.002	10	49.57	0
250	125	0.002	15	53.51	0
250	125	0.002	20	55.02	0
250	125	0.003	4	26.72	0
250	125	0.003	6	35.94	0
250	125	0.003	8	42.9	0
250	125	0.003	10	47.43	0
250	125	0.003	15	48.29	0
250	125	0.003	20	49.99	0
250	125	0.004	4	25.43	0
250	125	0.004	6	34.81	0
250	125	0.004	8	40.49	0
250	125	0.004	10	42.93	0
250	125	0.004	15	44.99	0
250	125	0.004	20	45.93	0
250	125	0.005	4	26.46	0
250	125	0.005	6	35.27	0
250	125	0.005	8	38.56	0
250	125	0.005	10	42.69	0
250	125	0.005	15	44.33	0
250	125	0.005	20	43.35	0
250	125	0.006	4	26.28	0
250	125	0.006	6	33.96	0
250	125	0.006	8	38.77	0
250	125	0.006	10	39.71	0
250	125	0.006	15	52.82	0
250	125	0.006	20	88.59	0
250	125	0.007	4	31.02	0
250	125	0.007	6	35.6	0
250	125	0.007	8	41.12	0
250	125	0.007	10	40.23	0
250	125	0.007	15	42.95	0
250	125	0.007	20	39.45	0
250	125	0.008	4	26.68	0
250	125	0.008	6	31.08	0
250	125	0.008	8	35.78	0
250	125	0.008	10	40.34	0
250	125	0.008	15	37.79	0
250	125	0.008	20	37.45	0
250	125	0.009	4	24.61	0
250	125	0.009	6	30.03	0
250	125	0.009	8	34.08	0
250	125	0.009	10	36.35	0
250	125	0.009	15	36.11	0
250	125	0.009	20	35.71	0
250	125	0.01	4	26.27	0
250	125	0.01	6	30.8	0
250	125	0.01	8	33.78	0
250	125	0.01	10	35.28	0
250	125	0.01	15	35.87	0
250	125	0.01	20	35.85	0
500	5	-1	4	26.41	9016000
500	5	-1	6	36.88	10059333
500	5	-1	8	47.81	9918000
500	5	-1	10	60.82	9797333
500	5	-1	15	89.84	8486667
500	5	-1	20	99.62	7602667
500	5	-0.75	4	29.7	9016000
500	5	-0.75	6	39.6	10059333
500	5	-0.75	8	49.27	9918000
500	5	-0.75	10	59.83	9797333
500	5	-0.75	15	82.28	8486667
500	5	-0.75	20	96.1	7602667
500	5	-0.5	4	27.34	9016000
500	5	-0.5	6	40.61	10059333
500	5	-0.5	8	48.98	9918000
500	5	-0.5	10	60.24	9797333
500	5	-0.5	15	85.23	8486667
500	5	-0.5	20	101.49	7602667
500	5	-0.25	4	26.95	9016000
500	5	-0.25	6	40.09	10059333
500	5	-0.25	8	51.05	9918000
500	5	-0.25	10	63.02	9797333
500	5	-0.25	15	82.1	8486667
500	5	-0.25	20	99.57	7602667
500	5	0	4	25.95	0
500	5	0	6	39.15	1282000
500	5	0	8	47.72	4539333
500	5	0	10	59.94	5018667
500	5	0	15	83.03	5018667
500	5	0	20	90.63	5018667
500	5	0.001	4	25.95	0
500	5	0.001	6	37.31	0
500	5	0.001	8	47.03	0
500	5	0.001	10	58.41	0
500	5	0.001	15	77.66	0
500	5	0.001	20	91.95	0
500	5	0.002	4	26.9	0
500	5	0.002	6	37.25	0
500	5	0.002	8	48.04	0
500	5	0.002	10	57.06	0
500	5	0.002	15	71.53	0
500	5	0.002	20	80.78	0
500	5	0.003	4	134.89	0
500	5	0.003	6	170.87	0
500	5	0.003	8	47.48	0
500	5	0.003	10	55.31	0
500	5	0.003	15	68.64	0
500	5	0.003	20	74.14	0
500	5	0.004	4	27.23	0
500	5	0.004	6	37.8	0
500	5	0.004	8	46.3	0
500	5	0.004	10	52.01	0
500	5	0.004	15	62.95	0
500	5	0.004	20	67.46	0
500	5	0.005	4	27.69	0
500	5	0.005	6	36.72	0
500	5	0.005	8	45.84	0
500	5	0.005	10	53.39	0
500	5	0.005	15	62.39	0
500	5	0.005	20	62.45	0
500	5	0.006	4	26.79	0
500	5	0.006	6	36.76	0
500	5	0.006	8	44.55	0
500	5	0.006	10	51.82	0
500	5	0.006	15	288.43	0
500	5	0.006	20	59.37	0
500	5	0.007	4	26.88	0
500	5	0.007	6	35.72	0
500	5	0.007	8	46.95	0
500	5	0.007	10	53.72	0
500	5	0.007	15	52.01	0
500	5	0.007	20	54.27	0
500	5	0.008	4	25.92	0
500	5	0.008	6	35.7	0
500	5	0.008	8	41.13	0
500	5	0.008	10	47.81	0
500	5	0.008	15	59.88	0
500	5	0.008	20	56.93	0
500	5	0.009	4	28.38	0
500	5	0.009	6	33.7	0
500	5	0.009	8	39.13	0
500	5	0.009	10	44.21	0
500	5	0.009	15	48.12	0
500	5	0.009	20	48.44	0
500	5	0.01	4	27.03	0
500	5	0.01	6	35.17	0
500	5	0.01	8	39.05	0
500	5	0.01	10	45.34	0
500	5	0.01	15	50.32	0
500	5	0.01	20	49.79	0
500	12	-1	4	28.11	8939333
500	12	-1	6	40.76	10201333
500	12	-1	8	54.96	9468667
500	12	-1	10	58.7	8950667
500	12	-1	15	77.73	7815333
500	12	-1	20	87.55	7575333
500	12	-0.75	4	27.14	8939333
500	12	-0.75	6	38.49	10201333
500	12	-0.75	8	49.86	9468667
500	12	-0.75	10	58.27	8950667
500	12	-0.75	15	78.05	7815333
500	12	-0.75	20	86.54	7575333
500	12	-0.5	4	26.36	8939333
500	12	-0.5	6	37.08	10201333
500	12	-0.5	8	55.84	9468667
500	12	-0.5	10	58.29	8950667
500	12	-0.5	15	74.05	7815333
500	12	-0.5	20	83.77	7575333
500	12	-0.25	4	24.75	8939333
500	12	-0.25	6	35.18	10201333
500	12	-0.25	8	46.3	9468667
500	12	-0.25	10	55.28	8950667
500	12	-0.25	15	73.66	7815333
500	12	-0.25	20	83.96	7575333
500	12	0	4	24.48	0
500	12	0	6	34.24	0
500	12	0	8	44.29	0
500	12	0	10	54.1	0
500	12	0	15	70.83	0
500	12	0	20	80.84	0
500	12	0.001	4	24.51	0
500	12	0.001	6	34.49	0
500	12	0.001	8	45.11	0
500	12	0.001	10	53.99	0
500	12	0.001	15	68.43	0
500	12	0.001	20	77.17	0
500	12	0.002	4	24.23	0
500	12	0.002	6	34.11	0
500	12	0.002	8	43.96	0
500	12	0.002	10	50.73	0
500	12	0.002	15	61.69	0
500	12	0.002	20	68.5	0
500	12	0.003	4	24.37	0
500	12	0.003	6	33.9	0
500	12	0.003	8	42.28	0
500	12	0.003	10	48.04	0
500	12	0.003	15	56.65	0
500	12	0.003	20	60.16	0
500	12	0.004	4	24.2	0
500	12	0.004	6	33.72	0
500	12	0.004	8	40.64	0
500	12	0.004	10	45.2	0
500	12	0.004	15	53.13	0
500	12	0.004	20	54.71	0
500	12	0.005	4	24.48	0
500	12	0.005	6	33.1	0
500	12	0.005	8	38.48	0
500	12	0.005	10	43.05	0
500	12	0.005	15	48.82	0
500	12	0.005	20	48.71	0
500	12	0.006	4	24.34	0
500	12	0.006	6	32.5	0
500	12	0.006	8	37.82	0
500	12	0.006	10	41.4	0
500	12	0.006	15	46.77	0
500	12	0.006	20	46.81	0
500	12	0.007	4	24.36	0
500	12	0.007	6	31.62	0
500	12	0.007	8	36.57	0
500	12	0.007	10	40.32	0
500	12	0.007	15	43.6	0
500	12	0.007	20	44.03	0
500	12	0.008	4	24.28	0
500	12	0.008	6	31.17	0
500	12	0.008	8	36.43	0
500	12	0.008	10	39.53	0
500	12	0.008	15	42.06	0
500	12	0.008	20	42.26	0
500	12	0.009	4	24.58	0
500	12	0.009	6	30	0
500	12	0.009	8	35.43	0
500	12	0.009	10	37.92	0
500	12	0.009	15	39.73	0
500	12	0.009	20	39.83	0
500	12	0.01	4	24.12	0
500	12	0.01	6	30.2	0
500	12	0.01	8	34.85	0
500	12	0.01	10	37.42	0
500	12	0.01	15	38.19	0
500	12	0.01	20	38.75	0
500	25	-1	4	24.93	9096667
500	25	-1	6	35.6	9773333
500	25	-1	8	45.4	9170000
500	25	-1	10	54.9	8709333
500	25	-1	15	69.95	8091333
500	25	-1	20	77.73	7741333
500	25	-0.75	4	25.16	9096667
500	25	-0.75	6	35.31	9773333
500	25	-0.75	8	45.39	9170000
500	25	-0.75	10	55.3	8709333
500	25	-0.75	15	71.33	8091333
500	25	-0.75	20	77.03	7741333
500	25	-0.5	4	24.6	9096667
500	25	-0.5	6	35.31	9773333
500	25	-0.5	8	45.21	9170000
500	25	-0.5	10	54.73	8709333
500	25	-0.5	15	69.96	8091333
500	25	-0.5	20	77.73	7741333
500	25	-0.25	4	25.16	9096667
500	25	-0.25	6	35.53	9773333
500	25	-0.25	8	44.82	9170000
500	25	-0.25	10	53.82	8709333
500	25	-0.25	15	70.1	8091333
500	25	-0.25	20	77.91	7741333
500	25	0	4	24.61	0
500	25	0	6	35.07	0
500	25	0	8	44.66	0
500	25	0	10	53.98	0
500	25	0	15	68.39	0
500	25	0	20	73.96	0
500	25	0.001	4	24.49	0
500	25	0.001	6	34.87	0
500	25	0.001	8	45	0
500	25	0.001	10	53.71	0
500	25	0.001	15	66.11	0
500	25	0.001	20	72.17	0
500	25	0.002	4	24.7	0
500	25	0.002	6	35.02	0
500	25	0.002	8	44.07	0
500	25	0.002	10	50.31	0
500	25	0.002	15	58.05	0
500	25	0.002	20	62.89	0
500	25	0.003	4	24.67	0
500	25	0.003	6	34.72	0
500	25	0.003	8	42.53	0
500	25	0.003	10	47.48	0
500	25	0.003	15	53.21	0
500	25	0.003	20	55.49	0
500	25	0.004	4	24.65	0
500	25	0.004	6	34.25	0
500	25	0.004	8	40.13	0
500	25	0.004	10	44.12	0
500	25	0.004	15	49.33	0
500	25	0.004	20	49.94	0
500	25	0.005	4	24.7	0
500	25	0.005	6	33.68	0
500	25	0.005	8	38.26	0
500	25	0.005	10	41.67	0
500	25	0.005	15	45.82	0
500	25	0.005	20	46.27	0
500	25	0.006	4	24.58	0
500	25	0.006	6	32.54	0
500	25	0.006	8	36.7	0
500	25	0.006	10	39.01	0
500	25	0.006	15	42.68	0
500	25	0.006	20	42.52	0
500	25	0.007	4	24.45	0
500	25	0.007	6	31.33	0
500	25	0.007	8	35.68	0
500	25	0.007	10	38.57	0
500	25	0.007	15	40.97	0
500	25	0.007	20	40.23	0
500	25	0.008	4	24.68	0
500	25	0.008	6	30.63	0
500	25	0.008	8	34.5	0
500	25	0.008	10	37.37	0
500	25	0.008	15	39.12	0
500	25	0.008	20	39.18	0
500	25	0.009	4	23.86	0
500	25	0.009	6	30.2	0
500	25	0.009	8	33.26	0
500	25	0.009	10	35.17	0
500	25	0.009	15	37.65	0
500	25	0.009	20	37.2	0
500	25	0.01	4	23.96	0
500	25	0.01	6	29.87	0
500	25	0.01	8	33.29	0
500	25	0.01	10	35.18	0
500	25	0.01	15	35.92	0
500	25	0.01	20	35.88	0
500	50	-1	4	24.91	9867333
500	50	-1	6	35.83	10146000
500	50	-1	8	44.6	8705333
500	50	-1	10	53.57	8059333
500	50	-1	15	67.9	7276667
500	50	-1	20	73.69	7136667
500	50	-0.75	4	24.99	9867333
500	50	-0.75	6	35.05	10146000
500	50	-0.75	8	44.67	8705333
500	50	-0.75	10	54.34	8059333
500	50	-0.75	15	68.29	7276667
500	50	-0.75	20	73.51	7136667
500	50	-0.5	4	25.14	9867333
500	50	-0.5	6	35.42	10146000
500	50	-0.5	8	45.85	8705333
500	50	-0.5	10	54.21	8059333
500	50	-0.5	15	68.06	7276667
500	50	-0.5	20	73.37	7136667
500	50	-0.25	4	25.06	9867333
500	50	-0.25	6	35.06	10146000
500	50	-0.25	8	45.24	8705333
500	50	-0.25	10	54.02	8059333
500	50	-0.25	15	68.46	7276667
500	50	-0.25	20	73.73	7136667
500	50	0	4	24.32	0
500	50	0	6	35.22	0
500	50	0	8	43.99	0
500	50	0	10	52.48	0
500	50	0	15	65.37	0
500	50	0	20	75.4	0
500	50	0.001	4	28.42	0
500	50	0.001	6	39.34	0
500	50	0.001	8	48.09	0
500	50	0.001	10	57.03	0
500	50	0.001	15	67.5	0
500	50	0.001	20	69.57	0
500	50	0.002	4	24.31	0
500	50	0.002	6	38.26	0
500	50	0.002	8	49.45	0
500	50	0.002	10	53.43	0
500	50	0.002	15	57.99	0
500	50	0.002	20	60.43	0
500	50	0.003	4	27.22	0
500	50	0.003	6	37.69	0
500	50	0.003	8	46.19	0
500	50	0.003	10	48.51	0
500	50	0.003	15	52.92	0
500	50	0.003	20	53.37	0
500	50	0.004	4	25.74	0
500	50	0.004	6	35.72	0
500	50	0.004	8	41.82	0
500	50	0.004	10	45.24	0
500	50	0.004	15	48.25	0
500	50	0.004	20	47.99	0
500	50	0.005	4	25.36	0
500	50	0.005	6	36.38	0
500	50	0.005	8	44.55	0
500	50	0.005	10	46.9	0
500	50	0.005	15	47.23	0
500	50	0.005	20	45.17	0
500	50	0.006	4	27.82	0
500	50	0.006	6	35.71	0
500	50	0.006	8	42.78	0
500	50	0.006	10	40.5	0
500	50	0.006	15	44.92	0
500	50	0.006	20	42.27	0
500	50	0.007	4	26.76	0
500	50	0.007	6	35.63	0
500	50	0.007	8	36.53	0
500	50	0.007	10	40.4	0
500	50	0.007	15	39.94	0
500	50	0.007	20	38.8	0
500	50	0.008	4	26.44	0
500	50	0.008	6	32.06	0
500	50	0.008	8	39.25	0
500	50	0.008	10	42.29	0
500	50	0.008	15	41.68	0
500	50	0.008	20	37.87	0
500	50	0.009	4	24.52	0
500	50	0.009	6	33.05	0
500	50	0.009	8	39.41	0
500	50	0.009	10	35.81	0
500	50	0.009	15	34.25	0
500	50	0.009	20	33.4	0
500	50	0.01	4	23.54	0
500	50	0.01	6	29.18	0
500	50	0.01	8	39.32	0
500	50	0.01	10	42.12	0
500	50	0.01	15	39.56	0
500	50	0.01	20	37.29	0
500	125	-1	4	28.15	10052667
500	125	-1	6	38.1	9956667
500	125	-1	8	48.15	8022667
500	125	-1	10	58.04	7944000
500	125	-1	15	70.14	7786000
500	125	-1	20	71.19	7786000
500	125	-0.75	4	26.49	10052667
500	125	-0.75	6	36.96	9956667
500	125	-0.75	8	47.55	8022667
500	125	-0.75	10	57.72	7944000
500	125	-0.75	15	76.39	7786000
500	125	-0.75	20	71.39	7786000
500	125	-0.5	4	26.71	10052667
500	125	-0.5	6	38.16	9956667
500	125	-0.5	8	48.53	8022667
500	125	-0.5	10	56.7	7944000
500	125	-0.5	15	67.05	7786000
500	125	-0.5	20	68.82	7786000
500	125	-0.25	4	26.58	10052667
500	125	-0.25	6	38.07	9956667
500	125	-0.25	8	48.29	8022667
500	125	-0.25	10	56.14	7944000
500	125	-0.25	15	68.89	7786000
500	125	-0.25	20	70.3	7786000
500	125	0	4	26.11	0
500	125	0	6	37.68	0
500	125	0	8	47.93	0
500	125	0	10	56.35	0
500	125	0	15	64.74	0
500	125	0	20	68.16	0
500	125	0.001	4	27.2	0
500	125	0.001	6	37.73	0
500	125	0.001	8	123.15	0
500	125	0.001	10	53.42	0
500	125	0.001	15	61.21	0
500	125	0.001	20	62.85	0
500	125	0.002	4	26.45	0
500	125	0.002	6	79.46	0
500	125	0.002	8	46.67	0
500	125	0.002	10	49.29	0
500	125	0.002	15	54.26	0
500	125	0.002	20	53.7	0
500	125	0.003	4	25.51	0
500	125	0.003	6	36.07	0
500	125	0.003	8	42.54	0
500	125	0.003	10	46.07	0
500	125	0.003	15	49.68	0
500	125	0.003	20	50.46	0
500	125	0.004	4	26.37	0
500	125	0.004	6	34.71	0
500	125	0.004	8	41.92	0
500	125	0.004	10	43.01	0
500	125	0.004	15	45.82	0
500	125	0.004	20	45.43	0
500	125	0.005	4	27.19	0
500	125	0.005	6	35.91	0
500	125	0.005	8	39.88	0
500	125	0.005	10	42.2	0
500	125	0.005	15	44.8	0
500	125	0.005	20	44.64	0
500	125	0.006	4	27.21	0
500	125	0.006	6	39.78	0
500	125	0.006	8	41.2	0
500	125	0.006	10	40.89	0
500	125	0.006	15	41.84	0
500	125	0.006	20	40.66	0
500	125	0.007	4	25.53	0
500	125	0.007	6	33.16	0
500	125	0.007	8	37.31	0
500	125	0.007	10	38.24	0
500	125	0.007	15	37.14	0
500	125	0.007	20	37.21	0
500	125	0.008	4	25.2	0
500	125	0.008	6	31.5	0
500	125	0.008	8	38.85	0
500	125	0.008	10	36.66	0
500	125	0.008	15	38.59	0
500	125	0.008	20	35.99	0
500	125	0.009	4	25.83	0
500	125	0.009	6	31.28	0
500	125	0.009	8	35.78	0
500	125	0.009	10	35.3	0
500	125	0.009	15	35.78	0
500	125	0.009	20	36.08	0
500	125	0.01	4	26.1	0
500	125	0.01	6	31.3	0
500	125	0.01	8	34.64	0
500	125	0.01	10	62.73	0
500	125	0.01	15	59.09	0
500	125	0.01	20	36.26	0
500	250	-1	4	54.55	9766667
500	250	-1	6	99.54	10152000
500	250	-1	8	66.16	9057333
500	250	-1	10	54.44	8662000
500	250	-1	15	129.47	8460667
500	250	-1	20	65.62	8460667
500	250	-0.75	4	185.72	9766667
500	250	-0.75	6	37.18	10152000
500	250	-0.75	8	75.59	9057333
500	250	-0.75	10	62.32	8662000
500	250	-0.75	15	71.14	8460667
500	250	-0.75	20	243.56	8460667
500	250	-0.5	4	25.66	9766667
500	250	-0.5	6	37.89	10152000
500	250	-0.5	8	47.21	9057333
500	250	-0.5	10	55.8	8662000
500	250	-0.5	15	94.74	8460667
500	250	-0.5	20	64.25	8460667
500	250	-0.25	4	25.81	9766667
500	250	-0.25	6	36.56	10152000
500	250	-0.25	8	45.81	9057333
500	250	-0.25	10	54.56	8662000
500	250	-0.25	15	62.92	8460667
500	250	-0.25	20	62.43	8460667
500	250	0	4	25.58	0
500	250	0	6	36.28	0
500	250	0	8	46.72	0
500	250	0	10	52.38	0
500	250	0	15	59.17	0
500	250	0	20	64.7	0
500	250	0.001	4	26.01	0
500	250	0.001	6	38.08	0
500	250	0.001	8	51.75	0
500	250	0.001	10	54.87	0
500	250	0.001	15	56.95	0
500	250	0.001	20	129.2	0
500	250	0.002	4	25.13	0
500	250	0.002	6	36.47	0
500	250	0.002	8	94.29	0
500	250	0.002	10	72.9	0
500	250	0.002	15	50.96	0
500	250	0.002	20	52.7	0
500	250	0.003	4	25.46	0
500	250	0.003	6	38.1	0
500	250	0.003	8	41.58	0
500	250	0.003	10	45.28	0
500	250	0.003	15	68.79	0
500	250	0.003	20	83.18	0
500	250	0.004	4	25.39	0
500	250	0.004	6	35.68	0
500	250	0.004	8	39.91	0
500	250	0.004	10	44.35	0
500	250	0.004	15	43.84	0
500	250	0.004	20	87.01	0
500	250	0.005	4	77.72	0
500	250	0.005	6	34.41	0
500	250	0.005	8	38.06	0
500	250	0.005	10	103.44	0
500	250	0.005	15	173	0
500	250	0.005	20	191.32	0
500	250	0.006	4	32.54	0
500	250	0.006	6	52.26	0
500	250	0.006	8	79.7	0
500	250	0.006	10	83.03	0
500	250	0.006	15	65.76	0
500	250	0.006	20	38.54	0
500	250	0.007	4	25.05	0
500	250	0.007	6	31.07	0
500	250	0.007	8	35.74	0
500	250	0.007	10	37.34	0
500	250	0.007	15	36.73	0
500	250	0.007	20	36.83	0
500	250	0.008	4	25.34	0
500	250	0.008	6	31.26	0
500	250	0.008	8	34.92	0
500	250	0.008	10	36.19	0
500	250	0.008	15	36.32	0
500	250	0.008	20	35.98	0
500	250	0.009	4	24.76	0
500	250	0.009	6	30.58	0
500	250	0.009	8	33.81	0
500	250	0.009	10	34.27	0
500	250	0.009	15	34.02	0
500	250	0.009	20	34.28	0
500	250	0.01	4	24.27	0
500	250	0.01	6	30.11	0
500	250	0.01	8	32.35	0
500	250	0.01	10	33.04	0
500	250	0.01	15	33.1	0
500	250	0.01	20	32.92	0
1000	5	-1	4	25.35	8967333
1000	5	-1	6	36.24	10036000
1000	5	-1	8	46.4	9774667
1000	5	-1	10	56.15	9472000
1000	5	-1	15	78.49	8319333
1000	5	-1	20	88.67	7767333
1000	5	-0.75	4	25.02	8967333
1000	5	-0.75	6	35.85	10036000
1000	5	-0.75	8	45.61	9774667
1000	5	-0.75	10	56.04	9472000
1000	5	-0.75	15	77.58	8319333
1000	5	-0.75	20	90.27	7767333
1000	5	-0.5	4	25.37	8967333
1000	5	-0.5	6	35.65	10036000
1000	5	-0.5	8	46.04	9774667
1000	5	-0.5	10	56.01	9472000
1000	5	-0.5	15	77.39	8319333
1000	5	-0.5	20	89.34	7767333
1000	5	-0.25	4	25.14	8967333
1000	5	-0.25	6	36.56	10036000
1000	5	-0.25	8	49.01	9774667
1000	5	-0.25	10	56.81	9472000
1000	5	-0.25	15	77.13	8319333
1000	5	-0.25	20	148.87	7767333
1000	5	0	4	24.9	0
1000	5	0	6	35.95	0
1000	5	0	8	45.7	3257333
1000	5	0	10	77.11	5094000
1000	5	0	15	170.14	5094000
1000	5	0	20	181.97	5094000
1000	5	0.001	4	51.23	0
1000	5	0.001	6	75.76	0
1000	5	0.001	8	95.34	0
1000	5	0.001	10	118.97	0
1000	5	0.001	15	155	0
1000	5	0.001	20	174.32	0
1000	5	0.002	4	53.59	0
1000	5	0.002	6	71.91	0
1000	5	0.002	8	94.54	0
1000	5	0.002	10	109.18	0
1000	5	0.002	15	137.07	0
1000	5	0.002	20	153.24	0
1000	5	0.003	4	52.3	0
1000	5	0.003	6	73.14	0
1000	5	0.003	8	90.68	0
1000	5	0.003	10	104.18	0
1000	5	0.003	15	128.45	0
1000	5	0.003	20	138.95	0
1000	5	0.004	4	49.06	0
1000	5	0.004	6	70.59	0
1000	5	0.004	8	88.85	0
1000	5	0.004	10	99.27	0
1000	5	0.004	15	121.77	0
1000	5	0.004	20	125.7	0
1000	5	0.005	4	51.67	0
1000	5	0.005	6	71.24	0
1000	5	0.005	8	84.83	0
1000	5	0.005	10	94.16	0
1000	5	0.005	15	111.94	0
1000	5	0.005	20	117.18	0
1000	5	0.006	4	52.68	0
1000	5	0.006	6	68.7	0
1000	5	0.006	8	83.04	0
1000	5	0.006	10	90.96	0
1000	5	0.006	15	109.78	0
1000	5	0.006	20	107.79	0
1000	5	0.007	4	50.82	0
1000	5	0.007	6	65.76	0
1000	5	0.007	8	79.12	0
1000	5	0.007	10	90.03	0
1000	5	0.007	15	101.83	0
1000	5	0.007	20	103.76	0
1000	5	0.008	4	51.36	0
1000	5	0.008	6	67.67	0
1000	5	0.008	8	78.48	0
1000	5	0.008	10	89.87	0
1000	5	0.008	15	98.7	0
1000	5	0.008	20	98.08	0
1000	5	0.009	4	52.38	0
1000	5	0.009	6	65.17	0
1000	5	0.009	8	76.87	0
1000	5	0.009	10	85.67	0
1000	5	0.009	15	92.68	0
1000	5	0.009	20	93.66	0
1000	5	0.01	4	52.25	0
1000	5	0.01	6	77.44	0
1000	5	0.01	8	75.87	0
1000	5	0.01	10	84.43	0
1000	5	0.01	15	90.87	0
1000	5	0.01	20	90.88	0
1000	12	-1	4	51.11	8889333
1000	12	-1	6	74.64	10076667
1000	12	-1	8	95.78	9358667
1000	12	-1	10	117.21	9090000
1000	12	-1	15	160.84	8174000
1000	12	-1	20	173.41	7880667
1000	12	-0.75	4	52.69	8889333
1000	12	-0.75	6	73.79	10076667
1000	12	-0.75	8	95.96	9358667
1000	12	-0.75	10	116.83	9090000
1000	12	-0.75	15	154.18	8174000
1000	12	-0.75	20	172.38	7880667
1000	12	-0.5	4	52.83	8889333
1000	12	-0.5	6	75.72	10076667
1000	12	-0.5	8	97.17	9358667
1000	12	-0.5	10	116.75	9090000
1000	12	-0.5	15	153.65	8174000
1000	12	-0.5	20	173.76	7880667
1000	12	-0.25	4	51.11	8889333
1000	12	-0.25	6	75.31	10076667
1000	12	-0.25	8	95.06	9358667
1000	12	-0.25	10	117.3	9090000
1000	12	-0.25	15	156.54	8174000
1000	12	-0.25	20	171.06	7880667
1000	12	0	4	50.06	0
1000	12	0	6	73.18	0
1000	12	0	8	93.39	0
1000	12	0	10	116.47	0
1000	12	0	15	147.17	0
1000	12	0	20	168.18	0
1000	12	0.001	4	51.87	0
1000	12	0.001	6	74.65	0
1000	12	0.001	8	94.4	0
1000	12	0.001	10	115.65	0
1000	12	0.001	15	146.87	0
1000	12	0.001	20	161.14	0
1000	12	0.002	4	51.76	0
1000	12	0.002	6	74.5	0
1000	12	0.002	8	93.43	0
1000	12	0.002	10	106.55	0
1000	12	0.002	15	132.37	0
1000	12	0.002	20	141.11	0
1000	12	0.003	4	51.02	0
1000	12	0.003	6	73.89	0
1000	12	0.003	8	90.37	0
1000	12	0.003	10	100.48	0
1000	12	0.003	15	119.8	0
1000	12	0.003	20	126.16	0
1000	12	0.004	4	49.97	0
1000	12	0.004	6	72.62	0
1000	12	0.004	8	85	0
1000	12	0.004	10	98.17	0
1000	12	0.004	15	110.63	0
1000	12	0.004	20	114.13	0
1000	12	0.005	4	51.94	0
1000	12	0.005	6	70.1	0
1000	12	0.005	8	81.93	0
1000	12	0.005	10	89.93	0
1000	12	0.005	15	100.72	0
1000	12	0.005	20	103.41	0
1000	12	0.006	4	50.56	0
1000	12	0.006	6	68.83	0
1000	12	0.006	8	79.67	0
1000	12	0.006	10	87.09	0
1000	12	0.006	15	98.92	0
1000	12	0.006	20	101.28	0
1000	12	0.007	4	56.05	0
1000	12	0.007	6	67.5	0
1000	12	0.007	8	76.91	0
1000	12	0.007	10	84.77	0
1000	12	0.007	15	91.4	0
1000	12	0.007	20	91.01	0
1000	12	0.008	4	51.09	0
1000	12	0.008	6	66.77	0
1000	12	0.008	8	78.55	0
1000	12	0.008	10	83.39	0
1000	12	0.008	15	87.4	0
1000	12	0.008	20	86.72	0
1000	12	0.009	4	50.36	0
1000	12	0.009	6	64.1	0
1000	12	0.009	8	73.08	0
1000	12	0.009	10	79.13	0
1000	12	0.009	15	83.14	0
1000	12	0.009	20	80.85	0
1000	12	0.01	4	51.6	0
1000	12	0.01	6	63.14	0
1000	12	0.01	8	72.18	0
1000	12	0.01	10	75.48	0
1000	12	0.01	15	80.06	0
1000	12	0.01	20	80.55	0
1000	25	-1	4	52.48	9055333
1000	25	-1	6	72.57	9854667
1000	25	-1	8	94.22	9254000
1000	25	-1	10	115.44	8898667
1000	25	-1	15	142.86	8340000
1000	25	-1	20	162.67	8105333
1000	25	-0.75	4	50.51	9055333
1000	25	-0.75	6	73.47	9854667
1000	25	-0.75	8	94.51	9254000
1000	25	-0.75	10	113.25	8898667
1000	25	-0.75	15	148.24	8340000
1000	25	-0.75	20	165.21	8105333
1000	25	-0.5	4	52.09	9055333
1000	25	-0.5	6	74.76	9854667
1000	25	-0.5	8	96.81	9254000
1000	25	-0.5	10	113.32	8898667
1000	25	-0.5	15	151.4	8340000
1000	25	-0.5	20	164.69	8105333
1000	25	-0.25	4	52.87	9055333
1000	25	-0.25	6	75.5	9854667
1000	25	-0.25	8	98.05	9254000
1000	25	-0.25	10	115.39	8898667
1000	25	-0.25	15	147.45	8340000
1000	25	-0.25	20	161.63	8105333
1000	25	0	4	51.42	0
1000	25	0	6	73.77	0
1000	25	0	8	94	0
1000	25	0	10	113.85	0
1000	25	0	15	143.31	0
1000	25	0	20	172.17	0
1000	25	0.001	4	52.8	0
1000	25	0.001	6	73.91	0
1000	25	0.001	8	94.92	0
1000	25	0.001	10	113.51	0
1000	25	0.001	15	140.14	0
1000	25	0.001	20	151.04	0
1000	25	0.002	4	51.16	0
1000	25	0.002	6	73.96	0
1000	25	0.002	8	93.44	0
1000	25	0.002	10	112.28	0
1000	25	0.002	15	122.09	0
1000	25	0.002	20	130.19	0
1000	25	0.003	4	53.54	0
1000	25	0.003	6	73.1	0
1000	25	0.003	8	91.09	0
1000	25	0.003	10	98.74	0
1000	25	0.003	15	112.29	0
1000	25	0.003	20	113.72	0
1000	25	0.004	4	50.93	0
1000	25	0.004	6	75.47	0
1000	25	0.004	8	86.11	0
1000	25	0.004	10	91.99	0
1000	25	0.004	15	103.42	0
1000	25	0.004	20	105.16	0
1000	25	0.005	4	52.42	0
1000	25	0.005	6	70.05	0
1000	25	0.005	8	78.56	0
1000	25	0.005	10	87.81	0
1000	25	0.005	15	94.13	0
1000	25	0.005	20	97.42	0
1000	25	0.006	4	52.53	0
1000	25	0.006	6	68.29	0
1000	25	0.006	8	78.36	0
1000	25	0.006	10	89.3	0
1000	25	0.006	15	90.16	0
1000	25	0.006	20	90.52	0
1000	25	0.007	4	53.24	0
1000	25	0.007	6	66.92	0
1000	25	0.007	8	74.19	0
1000	25	0.007	10	81.39	0
1000	25	0.007	15	85.44	0
1000	25	0.007	20	87.07	0
1000	25	0.008	4	55.34	0
1000	25	0.008	6	66	0
1000	25	0.008	8	74.43	0
1000	25	0.008	10	77.37	0
1000	25	0.008	15	82.92	0
1000	25	0.008	20	82.32	0
1000	25	0.009	4	51.28	0
1000	25	0.009	6	62.91	0
1000	25	0.009	8	71.49	0
1000	25	0.009	10	76.9	0
1000	25	0.009	15	82.57	0
1000	25	0.009	20	83.64	0
1000	25	0.01	4	52.71	0
1000	25	0.01	6	63.49	0
1000	25	0.01	8	75.91	0
1000	25	0.01	10	75.62	0
1000	25	0.01	15	75.32	0
1000	25	0.01	20	76.5	0
1000	50	-1	4	57.94	9875333
1000	50	-1	6	76.29	10330000
1000	50	-1	8	94.26	9368667
1000	50	-1	10	115.27	8701333
1000	50	-1	15	144.42	8241333
1000	50	-1	20	154.58	8152667
1000	50	-0.75	4	53.61	9875333
1000	50	-0.75	6	74.44	10330000
1000	50	-0.75	8	95.43	9368667
1000	50	-0.75	10	114.35	8701333
1000	50	-0.75	15	141.75	8241333
1000	50	-0.75	20	154.17	8152667
1000	50	-0.5	4	54.11	9875333
1000	50	-0.5	6	75.64	10330000
1000	50	-0.5	8	95.52	9368667
1000	50	-0.5	10	113.87	8701333
1000	50	-0.5	15	143.69	8241333
1000	50	-0.5	20	152.57	8152667
1000	50	-0.25	4	53.07	9875333
1000	50	-0.25	6	77.87	10330000
1000	50	-0.25	8	95.8	9368667
1000	50	-0.25	10	114.36	8701333
1000	50	-0.25	15	143.27	8241333
1000	50	-0.25	20	155.59	8152667
1000	50	0	4	52.06	0
1000	50	0	6	74.29	0
1000	50	0	8	94.1	0
1000	50	0	10	112.61	0
1000	50	0	15	135.89	0
1000	50	0	20	148.57	0
1000	50	0.001	4	53.21	0
1000	50	0.001	6	72.31	0
1000	50	0.001	8	92.36	0
1000	50	0.001	10	111.72	0
1000	50	0.001	15	133.14	0
1000	50	0.001	20	139.48	0
1000	50	0.002	4	50.73	0
1000	50	0.002	6	72.72	0
1000	50	0.002	8	91.15	0
1000	50	0.002	10	104.89	0
1000	50	0.002	15	114.18	0
1000	50	0.002	20	119.06	0
1000	50	0.003	4	50.81	0
1000	50	0.003	6	73.69	0
1000	50	0.003	8	87.44	0
1000	50	0.003	10	94.25	0
1000	50	0.003	15	105.32	0
1000	50	0.003	20	106.54	0
1000	50	0.004	4	50.7	0
1000	50	0.004	6	71.4	0
1000	50	0.004	8	85.12	0
1000	50	0.004	10	88.56	0
1000	50	0.004	15	96.39	0
1000	50	0.004	20	95.41	0
1000	50	0.005	4	51.82	0
1000	50	0.005	6	68.94	0
1000	50	0.005	8	80.45	0
1000	50	0.005	10	84.25	0
1000	50	0.005	15	87.47	0
1000	50	0.005	20	85.72	0
1000	50	0.006	4	52.33	0
1000	50	0.006	6	65.45	0
1000	50	0.006	8	77.15	0
1000	50	0.006	10	81.02	0
1000	50	0.006	15	81.81	0
1000	50	0.006	20	79.95	0
1000	50	0.007	4	51.78	0
1000	50	0.007	6	63.81	0
1000	50	0.007	8	73.39	0
1000	50	0.007	10	76.95	0
1000	50	0.007	15	75.39	0
1000	50	0.007	20	78.13	0
1000	50	0.008	4	51.44	0
1000	50	0.008	6	64.39	0
1000	50	0.008	8	71.45	0
1000	50	0.008	10	74.36	0
1000	50	0.008	15	73.84	0
1000	50	0.008	20	75.66	0
1000	50	0.009	4	50.06	0
1000	50	0.009	6	62.31	0
1000	50	0.009	8	67.48	0
1000	50	0.009	10	71.35	0
1000	50	0.009	15	71.12	0
1000	50	0.009	20	69.3	0
1000	50	0.01	4	52.07	0
1000	50	0.01	6	63.67	0
1000	50	0.01	8	67.61	0
1000	50	0.01	10	67.35	0
1000	50	0.01	15	67.94	0
1000	50	0.01	20	70.92	0
1000	125	-1	4	51.05	10118000
1000	125	-1	6	73.17	9936000
1000	125	-1	8	94.33	9124000
1000	125	-1	10	111.92	9039333
1000	125	-1	15	132.12	8992667
1000	125	-1	20	135.98	8992667
1000	125	-0.75	4	52.78	10118000
1000	125	-0.75	6	73.48	9936000
1000	125	-0.75	8	93.35	9124000
1000	125	-0.75	10	110.43	9039333
1000	125	-0.75	15	132.08	8992667
1000	125	-0.75	20	135.58	8992667
1000	125	-0.5	4	52.4	10118000
1000	125	-0.5	6	75.44	9936000
1000	125	-0.5	8	93.38	9124000
1000	125	-0.5	10	111.69	9039333
1000	125	-0.5	15	132.79	8992667
1000	125	-0.5	20	134.46	8992667
1000	125	-0.25	4	52.76	10118000
1000	125	-0.25	6	73.31	9936000
1000	125	-0.25	8	93.95	9124000
1000	125	-0.25	10	109.05	9039333
1000	125	-0.25	15	130.84	8992667
1000	125	-0.25	20	139.95	8992667
1000	125	0	4	50.78	0
1000	125	0	6	74.65	0
1000	125	0	8	93.99	0
1000	125	0	10	109.36	0
1000	125	0	15	122.61	0
1000	125	0	20	128.93	0
1000	125	0.001	4	52.74	0
1000	125	0.001	6	72.67	0
1000	125	0.001	8	92.71	0
1000	125	0.001	10	107.54	0
1000	125	0.001	15	120.21	0
1000	125	0.001	20	124.22	0
1000	125	0.002	4	51.93	0
1000	125	0.002	6	73.13	0
1000	125	0.002	8	89.23	0
1000	125	0.002	10	94.64	0
1000	125	0.002	15	104.14	0
1000	125	0.002	20	106.08	0
1000	125	0.003	4	51.48	0
1000	125	0.003	6	71.25	0
1000	125	0.003	8	84.96	0
1000	125	0.003	10	91.9	0
1000	125	0.003	15	97.25	0
1000	125	0.003	20	96.26	0
1000	125	0.004	4	49.82	0
1000	125	0.004	6	70.97	0
1000	125	0.004	8	78.55	0
1000	125	0.004	10	86.53	0
1000	125	0.004	15	86.78	0
1000	125	0.004	20	89.89	0
1000	125	0.005	4	52.55	0
1000	125	0.005	6	68.5	0
1000	125	0.005	8	79.19	0
1000	125	0.005	10	82.66	0
1000	125	0.005	15	85.79	0
1000	125	0.005	20	83.44	0
1000	125	0.006	4	53.05	0
1000	125	0.006	6	65.85	0
1000	125	0.006	8	75.29	0
1000	125	0.006	10	77.46	0
1000	125	0.006	15	61.15	0
1000	125	0.006	20	45.2	0
1000	125	0.007	4	27.33	0
1000	125	0.007	6	34.66	0
1000	125	0.007	8	38.96	0
1000	125	0.007	10	40.94	0
1000	125	0.007	15	40.84	0
1000	125	0.007	20	40.8	0
1000	125	0.008	4	27.56	0
1000	125	0.008	6	34.67	0
1000	125	0.008	8	38.32	0
1000	125	0.008	10	39.79	0
1000	125	0.008	15	40.12	0
1000	125	0.008	20	39.8	0
1000	125	0.009	4	26.91	0
1000	125	0.009	6	33.26	0
1000	125	0.009	8	36.53	0
1000	125	0.009	10	37.35	0
1000	125	0.009	15	37.67	0
1000	125	0.009	20	37.37	0
1000	125	0.01	4	27.19	0
1000	125	0.01	6	33.27	0
1000	125	0.01	8	35.78	0
1000	125	0.01	10	36.98	0
1000	125	0.01	15	36.52	0
1000	125	0.01	20	36.73	0
1000	250	-1	4	28.11	9899333
1000	250	-1	6	39.86	10286000
1000	250	-1	8	50.02	10187333
1000	250	-1	10	57.46	10044000
1000	250	-1	15	66.19	9979333
1000	250	-1	20	66.68	9979333
1000	250	-0.75	4	27.81	9899333
1000	250	-0.75	6	39.59	10286000
1000	250	-0.75	8	49.08	10187333
1000	250	-0.75	10	57.6	10044000
1000	250	-0.75	15	65.3	9979333
1000	250	-0.75	20	67.7	9979333
1000	250	-0.5	4	27.71	9899333
1000	250	-0.5	6	39.18	10286000
1000	250	-0.5	8	49.57	10187333
1000	250	-0.5	10	57.25	10044000
1000	250	-0.5	15	65.53	9979333
1000	250	-0.5	20	66.9	9979333
1000	250	-0.25	4	27.73	9899333
1000	250	-0.25	6	38.92	10286000
1000	250	-0.25	8	49.8	10187333
1000	250	-0.25	10	57.31	10044000
1000	250	-0.25	15	65.86	9979333
1000	250	-0.25	20	67.3	9979333
1000	250	0	4	27.22	0
1000	250	0	6	38.7	0
1000	250	0	8	48.81	0
1000	250	0	10	55.65	0
1000	250	0	15	63.12	0
1000	250	0	20	64.42	0
1000	250	0.001	4	27.34	0
1000	250	0.001	6	38.92	0
1000	250	0.001	8	48.41	0
1000	250	0.001	10	54.83	0
1000	250	0.001	15	60.55	0
1000	250	0.001	20	60.96	0
1000	250	0.002	4	26.9	0
1000	250	0.002	6	38.92	0
1000	250	0.002	8	46.3	0
1000	250	0.002	10	49.8	0
1000	250	0.002	15	52.35	0
1000	250	0.002	20	52.46	0
1000	250	0.003	4	27.38	0
1000	250	0.003	6	39.42	0
1000	250	0.003	8	45.87	0
1000	250	0.003	10	48.7	0
1000	250	0.003	15	49	0
1000	250	0.003	20	49.98	0
1000	250	0.004	4	28.13	0
1000	250	0.004	6	37.74	0
1000	250	0.004	8	42.57	0
1000	250	0.004	10	45.97	0
1000	250	0.004	15	46.58	0
1000	250	0.004	20	45.95	0
1000	250	0.005	4	27.46	0
1000	250	0.005	6	37.47	0
1000	250	0.005	8	41.34	0
1000	250	0.005	10	43.75	0
1000	250	0.005	15	45.1	0
1000	250	0.005	20	45.31	0
1000	250	0.006	4	28.42	0
1000	250	0.006	6	36.46	0
1000	250	0.006	8	40.49	0
1000	250	0.006	10	41.8	0
1000	250	0.006	15	42.41	0
1000	250	0.006	20	42.25	0
1000	250	0.007	4	28.63	0
1000	250	0.007	6	34.83	0
1000	250	0.007	8	38.21	0
1000	250	0.007	10	40.74	0
1000	250	0.007	15	40.06	0
1000	250	0.007	20	40.18	0
1000	250	0.008	4	28.13	0
1000	250	0.008	6	35.09	0
1000	250	0.008	8	38.4	0
1000	250	0.008	10	40.57	0
1000	250	0.008	15	39.51	0
1000	250	0.008	20	39.19	0
1000	250	0.009	4	27.38	0
1000	250	0.009	6	33.91	0
1000	250	0.009	8	36.84	0
1000	250	0.009	10	37.55	0
1000	250	0.009	15	37.02	0
1000	250	0.009	20	37.72	0
1000	250	0.01	4	28.37	0
1000	250	0.01	6	33.64	0
1000	250	0.01	8	36.62	0
1000	250	0.01	10	35.67	0
1000	250	0.01	15	36.51	0
1000	250	0.01	20	35.91	0
1000	500	-1	4	29.87	9999333
1000	500	-1	6	41.1	10024667
1000	500	-1	8	50.11	10002000
1000	500	-1	10	55.46	9937333
1000	500	-1	15	60.49	9937333
1000	500	-1	20	60.25	9937333
1000	500	-0.75	4	28.38	9999333
1000	500	-0.75	6	40.04	10024667
1000	500	-0.75	8	49.23	10002000
1000	500	-0.75	10	56.55	9937333
1000	500	-0.75	15	60.32	9937333
1000	500	-0.75	20	60.28	9937333
1000	500	-0.5	4	28.04	9999333
1000	500	-0.5	6	40.53	10024667
1000	500	-0.5	8	49.93	10002000
1000	500	-0.5	10	56.28	9937333
1000	500	-0.5	15	59.63	9937333
1000	500	-0.5	20	60.94	9937333
1000	500	-0.25	4	28.09	9999333
1000	500	-0.25	6	41.27	10024667
1000	500	-0.25	8	49.29	10002000
1000	500	-0.25	10	55.99	9937333
1000	500	-0.25	15	60.04	9937333
1000	500	-0.25	20	60.07	9937333
1000	500	0	4	28.33	0
1000	500	0	6	39.23	0
1000	500	0	8	49.18	0
1000	500	0	10	54.59	0
1000	500	0	15	57.56	0
1000	500	0	20	58.71	0
1000	500	0.001	4	29	0
1000	500	0.001	6	39.7	0
1000	500	0.001	8	48.88	0
1000	500	0.001	10	52.49	0
1000	500	0.001	15	54.78	0
1000	500	0.001	20	54.2	0
1000	500	0.002	4	27.32	0
1000	500	0.002	6	39.77	0
1000	500	0.002	8	44.9	0
1000	500	0.002	10	46.73	0
1000	500	0.002	15	48.48	0
1000	500	0.002	20	48.18	0
1000	500	0.003	4	28.6	0
1000	500	0.003	6	38.77	0
1000	500	0.003	8	44.93	0
1000	500	0.003	10	45.76	0
1000	500	0.003	15	46.9	0
1000	500	0.003	20	46.96	0
1000	500	0.004	4	27.9	0
1000	500	0.004	6	37.13	0
1000	500	0.004	8	41	0
1000	500	0.004	10	43.05	0
1000	500	0.004	15	44.33	0
1000	500	0.004	20	44.45	0
1000	500	0.005	4	28.34	0
1000	500	0.005	6	37.27	0
1000	500	0.005	8	41.47	0
1000	500	0.005	10	42.96	0
1000	500	0.005	15	42.31	0
1000	500	0.005	20	42.14	0
1000	500	0.006	4	27.63	0
1000	500	0.006	6	35.95	0
1000	500	0.006	8	39.2	0
1000	500	0.006	10	41.61	0
1000	500	0.006	15	40.74	0
1000	500	0.006	20	40.5	0
1000	500	0.007	4	28.27	0
1000	500	0.007	6	35.39	0
1000	500	0.007	8	37.32	0
1000	500	0.007	10	39.42	0
1000	500	0.007	15	39.77	0
1000	500	0.007	20	39.22	0
1000	500	0.008	4	27.35	0
1000	500	0.008	6	34.23	0
1000	500	0.008	8	36.81	0
1000	500	0.008	10	38.4	0
1000	500	0.008	15	38.19	0
1000	500	0.008	20	38.7	0
1000	500	0.009	4	26.78	0
1000	500	0.009	6	33.09	0
1000	500	0.009	8	35.89	0
1000	500	0.009	10	36.09	0
1000	500	0.009	15	36.08	0
1000	500	0.009	20	36.44	0
1000	500	0.01	4	26.99	0
1000	500	0.01	6	33.29	0
1000	500	0.01	8	35.42	0
1000	500	0.01	10	35.77	0
1000	500	0.01	15	35.8	0
1000	500	0.01	20	35.38	0
