min_split	min_bucket	cp	max_depth	t0	t1	t_seg	ganancia_promedio
100	10	-1	4	00:12:47	00:13:44	57.8334579467773	9973333.33333333
500	10	-1	4	00:12:47	00:13:45	58.1542510986328	9973333.33333333
250	10	-1	4	00:12:47	00:13:45	58.9058179855347	9973333.33333333
50	10	-1	4	00:12:47	00:13:46	58.9698030948639	9973333.33333333
750	10	-1	4	00:13:46	00:14:38	52.2924678325653	9973333.33333333
1000	10	-1	4	00:13:46	00:14:40	53.9125571250916	9993333.33333333
100	20	-1	4	00:13:46	00:14:40	53.9295301437378	10166666.6666667
50	20	-1	4	00:13:46	00:14:40	54.001501083374	10166666.6666667
750	20	-1	4	00:14:40	00:15:34	54.3374609947205	10166666.6666667
250	20	-1	4	00:14:40	00:15:34	54.6242818832397	10166666.6666667
500	20	-1	4	00:14:40	00:15:35	55.2219371795654	10166666.6666667
1000	20	-1	4	00:14:40	00:15:35	55.2159359455109	10033333.3333333
500	50	-1	4	00:15:35	00:16:27	52.5138831138611	10096666.6666667
100	50	-1	4	00:15:35	00:16:28	52.6088221073151	10096666.6666667
50	50	-1	4	00:15:35	00:16:28	52.6737859249115	10096666.6666667
250	50	-1	4	00:15:35	00:16:28	53.0985360145569	10096666.6666667
50	100	-1	4	00:16:29	00:17:21	51.7683100700378	10096666.6666667
750	50	-1	4	00:16:29	00:17:22	52.2060589790344	10096666.6666667
1000	50	-1	4	00:16:29	00:17:22	52.7357499599457	10033333.3333333
100	100	-1	4	00:16:29	00:17:22	52.7767250537872	10096666.6666667
750	100	-1	4	00:17:22	00:18:15	52.9026570320129	10096666.6666667
500	100	-1	4	00:17:22	00:18:16	53.7501690387726	10096666.6666667
250	100	-1	4	00:17:22	00:18:16	53.9950289726257	10096666.6666667
1000	100	-1	4	00:17:22	00:18:16	54.0210120677948	10033333.3333333
250	200	-1	4	00:18:17	00:19:09	51.4295091629028	9453333.33333333
500	200	-1	4	00:18:17	00:19:09	52.0431480407715	9453333.33333333
50	200	-1	4	00:18:17	00:19:10	52.4559109210968	9453333.33333333
100	200	-1	4	00:18:17	00:19:10	53.1555089950562	9453333.33333333
1000	200	-1	4	00:19:11	00:20:04	53.0565421581268	9610000
50	500	-1	4	00:19:11	00:20:04	53.4813089370728	9610000
100	500	-1	4	00:19:11	00:20:05	54.1039400100708	9610000
750	200	-1	4	00:19:11	00:20:05	54.15891289711	9453333.33333333
750	500	-1	4	00:20:06	00:20:59	53.0006000995636	9610000
500	500	-1	4	00:20:06	00:21:00	53.7541620731354	9610000
250	500	-1	4	00:20:06	00:21:00	53.7691569328308	9610000
1000	500	-1	4	00:20:06	00:21:00	54.2378888130188	9610000
250	10	0	4	00:21:01	00:21:51	50.5010340213776	0
50	10	0	4	00:21:01	00:21:52	50.8818218708038	0
500	10	0	4	00:21:01	00:21:52	51.1876430511475	0
100	10	0	4	00:21:01	00:21:52	51.728343963623	0
750	10	0	4	00:21:54	00:22:45	51.1596570014954	0
100	20	0	4	00:21:54	00:22:45	51.2566010951996	0
1000	10	0	4	00:21:54	00:22:46	51.6293830871582	0
50	20	0	4	00:21:54	00:22:46	51.7633109092712	0
500	20	0	4	00:22:47	00:23:40	52.3219909667969	0
1000	20	0	4	00:22:47	00:23:40	52.4119369983673	0
250	20	0	4	00:22:47	00:23:40	52.5478610992432	0
750	20	0	4	00:22:47	00:23:40	52.6418080329895	0
50	50	0	4	00:23:41	00:24:32	50.8538300991058	0
500	50	0	4	00:23:41	00:24:33	51.2685849666595	0
250	50	0	4	00:23:41	00:24:33	51.6543669700623	0
100	50	0	4	00:23:41	00:24:33	51.7563111782074	0
100	100	0	4	00:24:35	00:25:26	51.3565471172333	0
750	50	0	4	00:24:35	00:25:26	51.3845241069794	0
1000	50	0	4	00:24:35	00:25:27	52.255026102066	0
50	100	0	4	00:24:35	00:25:27	52.3249850273132	0
1000	100	0	4	00:25:27	00:26:18	51.0077428817749	0
250	100	0	4	00:25:27	00:26:18	51.0637099742889	0
750	100	0	4	00:25:27	00:26:19	51.6263871192932	0
500	100	0	4	00:25:27	00:26:19	52.0471458435059	0
250	200	0	4	00:26:20	00:27:10	49.498615026474	0
500	200	0	4	00:26:20	00:27:10	50.1102540493011	0
50	200	0	4	00:26:20	00:27:11	50.2711651325226	0
100	200	0	4	00:26:20	00:27:11	50.3541150093079	0
50	500	0	4	00:27:12	00:28:01	48.9879009723663	0
100	500	0	4	00:27:12	00:28:02	50.0392940044403	0
750	200	0	4	00:27:12	00:28:02	50.4450678825378	0
1000	200	0	4	00:27:12	00:28:02	50.618959903717	0
1000	500	0	4	00:28:04	00:28:52	48.6930739879608	0
500	500	0	4	00:28:04	00:28:53	49.4776198863983	0
250	500	0	4	00:28:04	00:28:53	49.7094879150391	0
750	500	0	4	00:28:04	00:28:54	50.0752730369568	0
250	10	1e-04	4	00:28:55	00:29:44	49.033872127533	0
500	10	1e-04	4	00:28:55	00:29:44	49.0498631000519	0
50	10	1e-04	4	00:28:55	00:29:45	49.4446408748627	0
100	10	1e-04	4	00:28:55	00:29:45	49.7114839553833	0
50	20	1e-04	4	00:29:46	00:30:36	50.0402970314026	0
100	20	1e-04	4	00:29:46	00:30:36	50.141233921051	0
750	10	1e-04	4	00:29:46	00:30:36	50.554976940155	0
1000	10	1e-04	4	00:29:46	00:30:37	50.7368950843811	0
1000	20	1e-04	4	00:30:38	00:31:29	50.2341718673706	0
750	20	1e-04	4	00:30:38	00:31:29	50.8868098258972	0
250	20	1e-04	4	00:30:38	00:31:29	50.9607479572296	0
500	20	1e-04	4	00:30:38	00:31:30	51.2595770359039	0
250	50	1e-04	4	00:31:30	00:32:20	49.9473559856415	0
100	50	1e-04	4	00:31:30	00:32:20	50.318146944046	0
50	50	1e-04	4	00:31:30	00:32:20	50.6839280128479	0
500	50	1e-04	4	00:31:30	00:32:20	50.7618861198425	0
1000	50	1e-04	4	00:32:21	00:33:11	49.5935351848602	0
50	100	1e-04	4	00:32:21	00:33:11	49.8264169692993	0
100	100	1e-04	4	00:32:21	00:33:12	50.3141360282898	0
750	50	1e-04	4	00:32:21	00:33:12	50.4990289211273	0
500	100	1e-04	4	00:33:13	00:34:03	49.5745639801025	0
750	100	1e-04	4	00:33:13	00:34:03	49.9843280315399	0
1000	100	1e-04	4	00:33:13	00:34:03	50.0402970314026	0
250	100	1e-04	4	00:33:13	00:34:03	50.4010908603668	0
50	200	1e-04	4	00:34:05	00:34:54	49.3377070426941	0
500	200	1e-04	4	00:34:05	00:34:55	50.6539418697357	0
250	200	1e-04	4	00:34:05	00:34:55	50.6619420051575	0
100	200	1e-04	4	00:34:05	00:34:56	50.7299029827118	0
750	200	1e-04	4	00:34:56	00:35:45	49.4366431236267	0
1000	200	1e-04	4	00:34:56	00:35:45	49.7544620037079	0
100	500	1e-04	4	00:34:56	00:35:45	49.9633409976959	0
50	500	1e-04	4	00:34:56	00:35:46	50.4770450592041	0
750	500	1e-04	4	00:35:48	00:36:39	50.2871551513672	0
250	500	1e-04	4	00:35:48	00:36:39	50.7798709869385	0
1000	500	1e-04	4	00:35:48	00:36:39	50.8698220252991	0
500	500	1e-04	4	00:35:48	00:36:39	51.0017440319061	0
250	10	2e-04	4	00:36:40	00:37:29	48.7110619544983	0
50	10	2e-04	4	00:36:41	00:37:30	49.0468609333038	0
100	10	2e-04	4	00:36:40	00:37:30	49.244754076004	0
500	10	2e-04	4	00:36:41	00:37:31	50.1122479438782	0
750	10	2e-04	4	00:37:32	00:38:21	49.5895571708679	0
1000	10	2e-04	4	00:37:32	00:38:22	50.0602881908417	0
50	20	2e-04	4	00:37:32	00:38:22	50.0842750072479	0
100	20	2e-04	4	00:37:32	00:38:22	50.4720458984375	0
250	20	2e-04	4	00:38:23	00:39:13	49.9403519630432	0
750	20	2e-04	4	00:38:23	00:39:13	50.1892161369324	0
500	20	2e-04	4	00:38:23	00:39:14	50.5939750671387	0
1000	20	2e-04	4	00:38:23	00:39:14	51.1756408214569	0
250	50	2e-04	4	00:39:15	00:40:05	49.8833839893341	0
500	50	2e-04	4	00:39:15	00:40:06	50.3471159934998	0
100	50	2e-04	4	00:39:15	00:40:06	50.5519969463348	0
50	50	2e-04	4	00:39:15	00:40:06	50.6019690036774	0
1000	50	2e-04	4	00:40:07	00:40:57	49.6964960098267	0
750	50	2e-04	4	00:40:07	00:40:58	50.4910328388214	0
50	100	2e-04	4	00:40:07	00:40:58	50.9038050174713	0
100	100	2e-04	4	00:40:07	00:40:58	50.9307968616486	0
1000	100	2e-04	4	00:40:58	00:41:49	50.2751641273499	0
750	100	2e-04	4	00:40:58	00:41:49	50.3231379985809	0
250	100	2e-04	4	00:40:58	00:41:49	50.5100529193878	0
500	100	2e-04	4	00:40:58	00:41:49	50.6859450340271	0
250	200	2e-04	4	00:41:49	00:42:39	49.5505809783936	0
100	200	2e-04	4	00:41:49	00:42:39	49.9663398265839	0
50	200	2e-04	4	00:41:49	00:42:39	50.3691079616547	0
500	200	2e-04	4	00:41:49	00:42:40	50.7458910942078	0
100	500	2e-04	4	00:42:41	00:43:31	49.8274281024933	0
1000	200	2e-04	4	00:42:41	00:43:31	50.0193119049072	0
750	200	2e-04	4	00:42:41	00:43:32	50.9387819766998	0
50	500	2e-04	4	00:42:41	00:43:32	50.9657628536224	0
250	500	2e-04	4	00:43:33	00:44:23	49.9913380146027	0
750	500	2e-04	4	00:43:33	00:44:23	50.1362571716309	0
1000	500	2e-04	4	00:43:33	00:44:23	50.3551149368286	0
500	500	2e-04	4	00:43:33	00:44:23	50.5909998416901	0
500	10	3e-04	4	00:44:25	00:45:13	48.6880760192871	0
100	10	3e-04	4	00:44:25	00:45:14	49.4736108779907	0
50	10	3e-04	4	00:44:25	00:45:15	50.0013248920441	0
250	10	3e-04	4	00:44:25	00:45:15	50.311142206192	0
1000	10	3e-04	4	00:45:16	00:46:07	50.5869829654694	0
50	20	3e-04	4	00:45:16	00:46:07	50.7019140720367	0
100	20	3e-04	4	00:45:16	00:46:07	50.7139348983765	0
750	10	3e-04	4	00:45:16	00:46:07	50.7918691635132	0
250	20	3e-04	4	00:46:08	00:46:57	49.181795835495	0
500	20	3e-04	4	00:46:08	00:46:57	49.533579826355	0
1000	20	3e-04	4	00:46:08	00:46:58	50.2191898822784	0
750	20	3e-04	4	00:46:08	00:46:58	50.4920349121094	0
500	50	3e-04	4	00:47:00	00:47:50	50.2871530056	0
50	50	3e-04	4	00:47:00	00:47:50	50.5369980335236	0
250	50	3e-04	4	00:47:00	00:47:50	50.5450019836426	0
100	50	3e-04	4	00:47:00	00:47:50	50.5909769535065	0
1000	50	3e-04	4	00:47:50	00:48:40	49.2167680263519	0
100	100	3e-04	4	00:47:50	00:48:40	49.7054889202118	0
750	50	3e-04	4	00:47:50	00:48:40	49.9653191566467	0
50	100	3e-04	4	00:47:50	00:48:41	50.3481020927429	0
750	100	3e-04	4	00:48:42	00:49:32	49.5196001529694	0
250	100	3e-04	4	00:48:42	00:49:32	50.3171389102936	0
500	100	3e-04	4	00:48:42	00:49:33	50.6299660205841	0
1000	100	3e-04	4	00:48:42	00:49:33	50.8738160133362	0
50	200	3e-04	4	00:49:33	00:50:23	49.6825070381165	0
250	200	3e-04	4	00:49:33	00:50:23	49.8544020652771	0
100	200	3e-04	4	00:49:33	00:50:23	50.2801558971405	0
500	200	3e-04	4	00:49:33	00:50:24	50.364107131958	0
100	500	3e-04	4	00:50:25	00:51:16	51.4594910144806	0
50	500	3e-04	4	00:50:25	00:51:17	52.0441448688507	0
1000	200	3e-04	4	00:50:25	00:51:17	52.2410309314728	0
750	200	3e-04	4	00:50:25	00:51:17	52.4069359302521	0
750	500	3e-04	4	00:51:19	00:52:08	49.3536939620972	0
250	500	3e-04	4	00:51:19	00:52:08	49.8514051437378	0
500	500	3e-04	4	00:51:19	00:52:09	50.1772170066833	0
1000	500	3e-04	4	00:51:19	00:52:09	50.1912078857422	0
50	10	4e-04	4	00:52:10	00:53:00	49.6315357685089	0
500	10	4e-04	4	00:52:10	00:53:01	50.505028963089	0
100	10	4e-04	4	00:52:10	00:53:01	50.6599378585815	0
250	10	4e-04	4	00:52:10	00:53:01	50.8658239841461	0
1000	10	4e-04	4	00:53:02	00:53:51	49.3896889686584	0
100	20	4e-04	4	00:53:02	00:53:52	49.4236471652985	0
50	20	4e-04	4	00:53:02	00:53:52	49.8474068641663	0
750	10	4e-04	4	00:53:02	00:53:52	49.9573378562927	0
250	20	4e-04	4	00:53:53	00:54:43	50.0363059043884	0
1000	20	4e-04	4	00:53:53	00:54:44	50.9517719745636	0
500	20	4e-04	4	00:53:53	00:54:44	51.2745950222015	0
750	20	4e-04	4	00:53:53	00:54:44	51.3465449810028	0
250	50	4e-04	4	00:54:44	00:55:34	49.6655161380768	0
100	50	4e-04	4	00:54:44	00:55:34	50.4740450382233	0
500	50	4e-04	4	00:54:44	00:55:34	50.5110230445862	0
50	50	4e-04	4	00:54:44	00:55:35	50.8918039798737	0
1000	50	4e-04	4	00:55:36	00:56:27	50.3171229362488	0
50	100	4e-04	4	00:55:36	00:56:27	50.5979578495026	0
750	50	4e-04	4	00:55:36	00:56:27	50.7538638114929	0
100	100	4e-04	4	00:55:36	00:56:27	50.8937849998474	0
1000	100	4e-04	4	00:56:28	00:57:18	49.2247700691223	0
500	100	4e-04	4	00:56:28	00:57:18	50.0003178119659	0
750	100	4e-04	4	00:56:28	00:57:18	50.1512351036072	0
250	100	4e-04	4	00:56:28	00:57:19	50.3920969963074	0
50	200	4e-04	4	00:57:20	00:58:10	49.9883079528809	0
500	200	4e-04	4	00:57:20	00:58:10	50.0472800731659	0
250	200	4e-04	4	00:57:20	00:58:10	50.4510469436646	0
100	200	4e-04	4	00:57:20	00:58:10	50.5150060653687	0
50	500	4e-04	4	00:58:11	00:59:00	48.9099471569061	0
1000	200	4e-04	4	00:58:11	00:59:00	49.5016028881073	0
750	200	4e-04	4	00:58:11	00:59:01	50.0812911987305	0
100	500	4e-04	4	00:58:11	00:59:01	50.0802748203278	0
250	500	4e-04	4	00:59:02	00:59:51	49.6515209674835	0
750	500	4e-04	4	00:59:02	00:59:52	50.0233089923859	0
1000	500	4e-04	4	00:59:02	00:59:52	50.1542329788208	0
500	500	4e-04	4	00:59:02	00:59:52	50.3931000232697	0
50	10	5e-04	4	00:59:54	01:00:43	49.4856238365173	0
500	10	5e-04	4	00:59:54	01:00:44	49.8134269714355	0
100	10	5e-04	4	00:59:54	01:00:44	49.9833319187164	0
250	10	5e-04	4	00:59:54	01:00:44	50.1422438621521	0
750	10	5e-04	4	01:00:45	01:01:35	49.466607093811	0
1000	10	5e-04	4	01:00:45	01:01:35	49.8783829212189	0
100	20	5e-04	4	01:00:45	01:01:35	50.3921000957489	0
50	20	5e-04	4	01:00:45	01:01:36	50.8428308963776	0
1000	20	5e-04	4	01:01:37	01:02:27	49.8524031639099	0
250	20	5e-04	4	01:01:37	01:02:27	50.1452310085297	0
500	20	5e-04	4	01:01:37	01:02:27	50.2431840896606	0
750	20	5e-04	4	01:01:37	01:02:28	50.4050850868225	0
50	50	5e-04	4	01:02:29	01:03:19	49.9003829956055	0
100	50	5e-04	4	01:02:29	01:03:19	49.9553430080414	0
250	50	5e-04	4	01:02:29	01:03:19	50.3601179122925	0
500	50	5e-04	4	01:02:29	01:03:19	50.3721039295197	0
50	100	5e-04	4	01:03:20	01:04:09	49.7794439792633	0
1000	50	5e-04	4	01:03:20	01:04:10	50.9597671031952	0
100	100	5e-04	4	01:03:20	01:04:11	51.0407240390778	0
750	50	5e-04	4	01:03:20	01:04:11	51.1906361579895	0
500	100	5e-04	4	01:04:11	01:05:01	49.9343628883362	0
1000	100	5e-04	4	01:04:11	01:05:01	50.2082028388977	0
250	100	5e-04	4	01:04:11	01:05:01	50.525025844574	0
750	100	5e-04	4	01:04:11	01:05:01	50.5739929676056	0
250	200	5e-04	4	01:05:03	01:05:52	49.3616850376129	0
500	200	5e-04	4	01:05:03	01:05:53	49.7014927864075	0
50	200	5e-04	4	01:05:03	01:05:53	50.191211938858	0
100	200	5e-04	4	01:05:03	01:05:53	50.3321290016174	0
50	500	5e-04	4	01:05:55	01:06:46	50.726891040802	0
100	500	5e-04	4	01:05:55	01:06:46	51.0097160339355	0
1000	200	5e-04	4	01:05:55	01:06:46	51.4894449710846	0
750	200	5e-04	4	01:05:55	01:06:46	51.5544278621674	0
500	500	5e-04	4	01:06:48	01:07:37	49.498596906662	0
250	500	5e-04	4	01:06:48	01:07:38	50.0782539844513	0
1000	500	5e-04	4	01:06:48	01:07:38	50.2111999988556	0
750	500	5e-04	4	01:06:48	01:07:38	50.4960091114044	0
50	10	6e-04	4	01:07:39	01:08:29	49.42365193367	0
500	10	6e-04	4	01:07:39	01:08:30	50.7278940677643	0
250	10	6e-04	4	01:07:39	01:08:30	50.8818118572235	0
100	10	6e-04	4	01:07:39	01:08:30	51.0017387866974	0
1000	10	6e-04	4	01:08:30	01:09:20	49.8883829116821	0
750	10	6e-04	4	01:08:30	01:09:20	50.0303061008453	0
50	20	6e-04	4	01:08:30	01:09:21	50.4890360832214	0
100	20	6e-04	4	01:08:30	01:09:21	50.7348990440369	0
250	20	6e-04	4	01:09:22	01:10:12	49.380658864975	0
500	20	6e-04	4	01:09:22	01:10:13	50.2831389904022	0
1000	20	6e-04	4	01:09:22	01:10:13	50.3251090049744	0
750	20	6e-04	4	01:09:22	01:10:13	50.4770269393921	0
100	50	6e-04	4	01:10:13	01:11:03	49.816419839859	0
500	50	6e-04	4	01:10:13	01:11:04	50.6789231300354	0
250	50	6e-04	4	01:10:13	01:11:04	50.8238461017609	0
50	50	6e-04	4	01:10:13	01:11:04	50.9947469234467	0
1000	50	6e-04	4	01:11:05	01:11:55	50.415079832077	0
100	100	6e-04	4	01:11:05	01:11:55	50.4900388717651	0
50	100	6e-04	4	01:11:05	01:11:55	50.5390150547028	0
750	50	6e-04	4	01:11:05	01:11:56	50.5669960975647	0
750	100	6e-04	4	01:11:56	01:12:46	49.4786279201508	0
1000	100	6e-04	4	01:11:56	01:12:47	50.5480031967163	0
500	100	6e-04	4	01:11:56	01:12:47	50.7329018115997	0
250	100	6e-04	4	01:11:56	01:12:47	50.9417998790741	0
50	200	6e-04	4	01:12:47	01:13:37	49.9183690547943	0
100	200	6e-04	4	01:12:47	01:13:38	50.3261239528656	0
250	200	6e-04	4	01:12:47	01:13:38	50.5779759883881	0
500	200	6e-04	4	01:12:47	01:13:38	50.5849759578705	0
100	500	6e-04	4	01:13:40	01:14:29	49.5015981197357	0
50	500	6e-04	4	01:13:40	01:14:30	50.0323021411896	0
750	200	6e-04	4	01:13:40	01:14:30	50.0612819194794	0
1000	200	6e-04	4	01:13:40	01:14:30	50.1961839199066	0
1000	500	6e-04	4	01:14:31	01:15:20	49.40265583992	0
500	500	6e-04	4	01:14:31	01:15:21	50.3201370239258	0
750	500	6e-04	4	01:14:31	01:15:21	50.3850939273834	0
250	500	6e-04	4	01:14:31	01:15:22	50.6549620628357	0
500	10	7e-04	4	01:15:23	01:16:12	48.9559209346771	0
250	10	7e-04	4	01:15:23	01:16:13	49.5745649337769	0
100	10	7e-04	4	01:15:23	01:16:13	49.8833878040314	0
50	10	7e-04	4	01:15:23	01:16:13	50.2701661586761	0
750	10	7e-04	4	01:16:15	01:17:04	49.4786019325256	0
1000	10	7e-04	4	01:16:15	01:17:04	49.5565779209137	0
100	20	7e-04	4	01:16:15	01:17:05	50.2561559677124	0
50	20	7e-04	4	01:16:15	01:17:05	50.2871549129486	0
1000	20	7e-04	4	01:17:06	01:17:55	49.7684330940247	0
500	20	7e-04	4	01:17:06	01:17:56	49.9733231067657	0
250	20	7e-04	4	01:17:06	01:17:56	50.4920208454132	0
750	20	7e-04	4	01:17:06	01:17:56	50.7158858776093	0
250	50	7e-04	4	01:17:57	01:18:47	49.6984910964966	0
500	50	7e-04	4	01:17:57	01:18:48	50.2851560115814	0
50	50	7e-04	4	01:17:57	01:18:48	50.4700469970703	0
100	50	7e-04	4	01:17:57	01:18:48	50.6039688587189	0
100	100	7e-04	4	01:18:49	01:19:39	49.5935471057892	0
750	50	7e-04	4	01:18:49	01:19:39	49.8484082221985	0
1000	50	7e-04	4	01:18:49	01:19:39	50.2801578044891	0
50	100	7e-04	4	01:18:49	01:19:40	50.904797077179	0
250	100	7e-04	4	01:19:41	01:20:32	50.4400689601898	0
750	100	7e-04	4	01:19:41	01:20:32	50.4580600261688	0
500	100	7e-04	4	01:19:41	01:20:32	50.7978601455688	0
1000	100	7e-04	4	01:19:41	01:20:32	50.8118510246277	0
50	200	7e-04	4	01:20:32	01:21:21	48.9439280033112	0
100	200	7e-04	4	01:20:33	01:21:22	49.0128839015961	0
500	200	7e-04	4	01:20:34	01:21:23	49.7434709072113	0
250	200	7e-04	4	01:20:34	01:21:24	49.9993360042572	0
750	200	7e-04	4	01:21:24	01:22:14	50.162223815918	0
1000	200	7e-04	4	01:21:24	01:22:15	50.7888648509979	0
50	500	7e-04	4	01:21:24	01:22:15	51.0956900119781	0
100	500	7e-04	4	01:21:24	01:22:15	51.1446621417999	0
1000	500	7e-04	4	01:22:16	01:23:06	49.7674381732941	0
250	500	7e-04	4	01:22:16	01:23:06	50.0322861671448	0
500	500	7e-04	4	01:22:16	01:23:07	50.0772728919983	0
750	500	7e-04	4	01:22:16	01:23:07	50.3531138896942	0
50	10	8e-04	4	01:23:08	01:23:57	48.8839600086212	0
100	10	8e-04	4	01:23:08	01:23:58	49.6525208950043	0
250	10	8e-04	4	01:23:08	01:23:58	49.7474629878998	0
500	10	8e-04	4	01:23:08	01:23:58	50.066281080246	0
1000	10	8e-04	4	01:23:59	01:24:48	49.1757979393005	0
750	10	8e-04	4	01:23:59	01:24:49	49.805428981781	0
100	20	8e-04	4	01:23:59	01:24:49	50.1282458305359	0
50	20	8e-04	4	01:23:59	01:24:50	50.4110989570618	0
750	20	8e-04	4	01:24:51	01:25:41	49.7954280376434	0
250	20	8e-04	4	01:24:51	01:25:41	50.3261141777039	0
1000	20	8e-04	4	01:24:51	01:25:41	50.4360599517822	0
500	20	8e-04	4	01:24:51	01:25:42	50.7478830814362	0
100	50	8e-04	4	01:25:43	01:26:32	49.4366447925568	0
250	50	8e-04	4	01:25:43	01:26:33	49.9083800315857	0
500	50	8e-04	4	01:25:43	01:26:33	50.0512909889221	0
50	50	8e-04	4	01:25:43	01:26:33	50.1862139701843	0
50	100	8e-04	4	01:26:34	01:27:23	49.5495810508728	0
100	100	8e-04	4	01:26:34	01:27:24	50.210196018219	0
750	50	8e-04	4	01:26:34	01:27:24	50.5380280017853	0
1000	50	8e-04	4	01:26:34	01:27:25	50.69193816185	0
250	100	8e-04	4	01:27:26	01:28:16	49.6575140953064	0
500	100	8e-04	4	01:27:26	01:28:16	49.6785080432892	0
1000	100	8e-04	4	01:27:26	01:28:16	50.2771608829498	0
750	100	8e-04	4	01:27:26	01:28:16	50.3671140670776	0
250	200	8e-04	4	01:28:17	01:29:08	50.2112050056458	0
100	200	8e-04	4	01:28:17	01:29:08	50.4570789337158	0
500	200	8e-04	4	01:28:17	01:29:08	50.6429491043091	0
50	200	8e-04	4	01:28:17	01:29:08	50.7309019565582	0
750	200	8e-04	4	01:29:09	01:29:59	49.7544569969177	0
1000	200	8e-04	4	01:29:09	01:29:59	49.9003841876984	0
50	500	8e-04	4	01:29:09	01:30:00	50.1972069740295	0
100	500	8e-04	4	01:29:09	01:30:00	50.6549439430237	0
250	500	8e-04	4	01:30:02	01:30:51	49.5985500812531	0
750	500	8e-04	4	01:30:02	01:30:51	49.8154230117798	0
1000	500	8e-04	4	01:30:02	01:30:52	50.0582871437073	0
500	500	8e-04	4	01:30:02	01:30:52	50.3541131019592	0
500	10	9e-04	4	01:30:53	01:31:43	49.6735119819641	0
50	10	9e-04	4	01:30:53	01:31:44	50.4110760688782	0
100	10	9e-04	4	01:30:53	01:31:44	50.593976020813	0
250	10	9e-04	4	01:30:53	01:31:44	50.767872095108	0
1000	10	9e-04	4	01:31:44	01:32:34	49.3966550827026	0
50	20	9e-04	4	01:31:44	01:32:34	49.787425994873	0
100	20	9e-04	4	01:31:44	01:32:35	50.2851331233978	0
750	10	9e-04	4	01:31:44	01:32:35	50.3780851364136	0
250	20	9e-04	4	01:32:36	01:33:26	50.731899023056	0
750	20	9e-04	4	01:32:36	01:33:27	50.8658320903778	0
1000	20	9e-04	4	01:32:36	01:33:27	51.068706035614	0
500	20	9e-04	4	01:32:36	01:33:27	51.3745310306549	0
500	50	9e-04	4	01:33:29	01:34:18	49.2217679023743	0
250	50	9e-04	4	01:33:29	01:34:19	50.0313000679016	0
50	50	9e-04	4	01:33:29	01:34:19	50.4210767745972	0
100	50	9e-04	4	01:33:29	01:34:20	50.6469469070435	0
100	100	9e-04	4	01:34:21	01:35:11	49.8514139652252	0
50	100	9e-04	4	01:34:21	01:35:11	49.861398935318	0
750	50	9e-04	4	01:34:21	01:35:11	50.3071441650391	0
1000	50	9e-04	4	01:34:21	01:35:11	50.7019150257111	0
500	100	9e-04	4	01:35:13	01:36:03	50.1102647781372	0
750	100	9e-04	4	01:35:13	01:36:03	50.1842119693756	0
250	100	9e-04	4	01:35:13	01:36:03	50.2071979045868	0
1000	100	9e-04	4	01:35:13	01:36:03	50.4500689506531	0
50	200	9e-04	4	01:36:04	01:36:57	52.4149310588837	0
250	200	9e-04	4	01:36:05	01:36:58	53.6572210788727	0
100	200	9e-04	4	01:36:05	01:36:59	54.0180149078369	0
500	200	9e-04	4	01:36:05	01:36:59	54.0369989871979	0
750	200	9e-04	4	01:36:59	01:37:56	57.2031910419464	0
100	500	9e-04	4	01:36:59	01:37:57	58.1516399383545	0
50	500	9e-04	4	01:36:59	01:37:57	58.1836261749268	0
1000	200	9e-04	4	01:36:59	01:37:57	58.5244300365448	0
1000	500	9e-04	4	01:37:57	01:38:48	50.3291311264038	0
750	500	9e-04	4	01:37:57	01:38:48	50.6129670143127	0
250	500	9e-04	4	01:37:57	01:38:48	50.8918080329895	0
500	500	9e-04	4	01:37:57	01:38:49	51.4264979362488	0
50	10	0.001	4	01:38:50	01:39:39	48.8699688911438	0
100	10	0.001	4	01:38:50	01:39:40	49.5146000385284	0
500	10	0.001	4	01:38:50	01:39:40	49.7644538879395	0
250	10	0.001	4	01:38:50	01:39:40	50.0772709846497	0
1000	10	0.001	4	01:39:41	01:40:31	49.6215169429779	0
750	10	0.001	4	01:39:41	01:40:31	49.991327047348	0
50	20	0.001	4	01:39:41	01:40:32	50.38210105896	0
100	20	0.001	4	01:39:41	01:40:32	50.4460611343384	0
500	20	0.001	4	01:40:33	01:41:23	49.6185350418091	0
1000	20	0.001	4	01:40:33	01:41:24	50.1412379741669	0
250	20	0.001	4	01:40:33	01:41:24	50.5510020256042	0
750	20	0.001	4	01:40:33	01:41:24	50.8348569869995	0
100	50	0.001	4	01:41:26	01:42:15	49.1238059997559	0
50	50	0.001	4	01:41:26	01:42:16	49.9873030185699	0
500	50	0.001	4	01:41:26	01:42:16	50.3980691432953	0
250	50	0.001	4	01:41:26	01:42:16	50.703891992569	0
50	100	0.001	4	01:42:18	01:43:08	50.05531001091	0
1000	50	0.001	4	01:42:18	01:43:08	50.471048116684	0
100	100	0.001	4	01:42:18	01:43:08	50.5709888935089	0
750	50	0.001	4	01:42:18	01:43:09	51.0497150421143	0
750	100	0.001	4	01:43:10	01:43:59	49.8773908615112	0
500	100	0.001	4	01:43:10	01:44:00	50.4250729084015	0
1000	100	0.001	4	01:43:10	01:44:00	50.4450562000275	0
250	100	0.001	4	01:43:10	01:44:00	50.8018710613251	0
500	200	0.001	4	01:44:01	01:44:51	49.9703369140625	0
250	200	0.001	4	01:44:01	01:44:52	50.3521239757538	0
100	200	0.001	4	01:44:01	01:44:52	50.5010509490967	0
50	200	0.001	4	01:44:01	01:44:52	50.6409730911255	0
50	500	0.001	4	01:44:53	01:45:43	49.8054320812225	0
100	500	0.001	4	01:44:53	01:45:44	50.4070830345154	0
750	200	0.001	4	01:44:53	01:45:44	50.4840381145477	0
1000	200	0.001	4	01:44:53	01:45:44	50.7199079990387	0
500	500	0.001	4	01:45:46	01:46:35	49.1208260059357	0
750	500	0.001	4	01:45:46	01:46:36	49.8224198818207	0
250	500	0.001	4	01:45:46	01:46:36	50.2891540527344	0
1000	500	0.001	4	01:45:46	01:46:36	50.2961521148682	0
50	10	-1	6	01:46:36	01:47:49	72.6263427734375	10860000
250	10	-1	6	01:46:36	01:47:49	72.8082389831543	10850000
100	10	-1	6	01:46:36	01:47:50	73.2759721279144	10860000
500	10	-1	6	01:46:36	01:47:50	73.4818480014801	10850000
750	10	-1	6	01:47:51	01:49:03	72.0326700210571	10850000
100	20	-1	6	01:47:51	01:49:05	73.947566986084	9610000
1000	10	-1	6	01:47:51	01:49:05	74.0065338611603	10900000
50	20	-1	6	01:47:51	01:49:06	74.5602328777313	9556666.66666667
750	20	-1	6	01:49:06	01:50:22	75.3707721233368	10146666.6666667
1000	20	-1	6	01:49:06	01:50:22	75.8914699554443	10013333.3333333
250	20	-1	6	01:49:06	01:50:23	76.296236038208	9850000
500	20	-1	6	01:49:06	01:50:23	76.8449199199677	9850000
100	50	-1	6	01:50:24	01:51:40	76.0223917961121	9873333.33333333
250	50	-1	6	01:50:24	01:51:41	76.9468588829041	10370000
50	50	-1	6	01:50:24	01:51:41	77.092777967453	9873333.33333333
500	50	-1	6	01:50:24	01:51:41	77.1967179775238	10370000
1000	50	-1	6	01:51:42	01:52:56	73.2080118656158	10330000
750	50	-1	6	01:51:42	01:52:56	73.373918056488	10393333.3333333
100	100	-1	6	01:51:42	01:52:56	73.6197710037231	9870000
50	100	-1	6	01:51:42	01:52:56	73.7996850013733	9870000
250	100	-1	6	01:52:58	01:54:11	73.7896761894226	9870000
750	100	-1	6	01:52:58	01:54:12	74.0904979705811	10036666.6666667
500	100	-1	6	01:52:58	01:54:12	74.3783359527588	9870000
1000	100	-1	6	01:52:58	01:54:12	74.6811609268188	9973333.33333333
100	200	-1	6	01:54:14	01:55:26	72.1386208534241	9586666.66666667
500	200	-1	6	01:54:14	01:55:27	73.6487510204315	9586666.66666667
50	200	-1	6	01:54:14	01:55:28	74.1404719352722	9586666.66666667
250	200	-1	6	01:54:14	01:55:28	74.227422952652	9586666.66666667
50	500	-1	6	01:55:28	01:56:41	72.369490146637	9886666.66666667
100	500	-1	6	01:55:28	01:56:41	72.9091801643372	9886666.66666667
1000	200	-1	6	01:55:28	01:56:42	73.1820209026337	10060000
750	200	-1	6	01:55:28	01:56:42	73.535835981369	9903333.33333333
250	500	-1	6	01:56:43	01:57:54	70.8983368873596	9886666.66666667
500	500	-1	6	01:56:43	01:57:55	72.0506720542908	9886666.66666667
1000	500	-1	6	01:56:43	01:57:56	72.7712349891663	9886666.66666667
750	500	-1	6	01:56:43	01:57:56	72.9861340522766	9886666.66666667
250	10	0	6	01:57:56	01:59:08	71.7828221321106	0
50	10	0	6	01:57:56	01:59:08	72.0106978416443	0
100	10	0	6	01:57:56	01:59:09	72.1745929718018	0
500	10	0	6	01:57:56	01:59:09	72.7262768745422	0
1000	10	0	6	01:59:10	02:00:21	71.095223903656	0
750	10	0	6	01:59:10	02:00:22	71.6239099502563	0
50	20	0	6	01:59:10	02:00:22	72.1066398620605	0
100	20	0	6	01:59:10	02:00:23	72.8741900920868	0
500	20	0	6	02:00:24	02:01:35	71.6139230728149	0
1000	20	0	6	02:00:24	02:01:36	72.5224001407623	0
250	20	0	6	02:00:24	02:01:36	72.6903030872345	0
750	20	0	6	02:00:24	02:01:37	72.8751969337463	0
50	50	0	6	02:01:38	02:02:51	72.6093521118164	0
100	50	0	6	02:01:38	02:02:52	73.5398149490356	0
500	50	0	6	02:01:38	02:02:52	74.2264199256897	0
250	50	0	6	02:01:38	02:02:52	74.3673450946808	0
100	100	0	6	02:02:53	02:04:04	71.0112619400024	0
1000	50	0	6	02:02:53	02:04:05	71.9337301254272	0
750	50	0	6	02:02:53	02:04:05	72.542387008667	0
50	100	0	6	02:02:53	02:04:05	72.6793079376221	0
750	100	0	6	02:04:06	02:05:16	70.8353691101074	0
500	100	0	6	02:04:06	02:05:18	71.9137499332428	0
1000	100	0	6	02:04:06	02:05:18	72.1616051197052	0
250	100	0	6	02:04:06	02:05:18	72.5424029827118	0
100	200	0	6	02:05:19	02:06:30	70.7534260749817	0
250	200	0	6	02:05:19	02:06:32	72.2815430164337	0
500	200	0	6	02:05:19	02:06:32	72.3614978790283	0
50	200	0	6	02:05:19	02:06:32	72.4764311313629	0
1000	200	0	6	02:06:32	02:07:42	70.6674599647522	0
750	200	0	6	02:06:32	02:07:43	71.3150889873505	0
100	500	0	6	02:06:32	02:07:44	72.1186318397522	0
50	500	0	6	02:06:32	02:07:44	72.5753681659698	0
750	500	0	6	02:07:44	02:08:56	71.1891651153564	0
1000	500	0	6	02:07:44	02:08:56	72.0276830196381	0
250	500	0	6	02:07:44	02:08:57	72.3944709300995	0
500	500	0	6	02:07:44	02:08:57	72.500412940979	0
50	10	1e-04	6	02:08:57	02:10:08	70.5855128765106	0
500	10	1e-04	6	02:08:57	02:10:08	71.3700621128082	0
250	10	1e-04	6	02:08:57	02:10:09	71.5859320163727	0
100	10	1e-04	6	02:08:57	02:10:09	72.1616048812866	0
1000	10	1e-04	6	02:10:10	02:11:22	71.08123087883	0
50	20	1e-04	6	02:10:10	02:11:22	71.4989879131317	0
750	10	1e-04	6	02:10:10	02:11:22	71.7978069782257	0
100	20	1e-04	6	02:10:10	02:11:23	72.7042908668518	0
1000	20	1e-04	6	02:11:24	02:12:36	72.2235779762268	0
750	20	1e-04	6	02:11:24	02:12:37	73.5188329219818	0
500	20	1e-04	6	02:11:24	02:12:38	74.1794500350952	0
250	20	1e-04	6	02:11:24	02:12:38	74.3013818264008	0
100	50	1e-04	6	02:12:39	02:13:50	71.0232660770416	0
500	50	1e-04	6	02:12:39	02:13:52	72.5923600196838	0
250	50	1e-04	6	02:12:39	02:13:52	72.6253390312195	0
50	50	1e-04	6	02:12:39	02:13:52	72.7082898616791	0
750	50	1e-04	6	02:13:52	02:15:03	71.3880560398102	0
50	100	1e-04	6	02:13:52	02:15:04	72.5433900356293	0
1000	50	1e-04	6	02:13:52	02:15:05	72.9681429862976	0
100	100	1e-04	6	02:13:52	02:15:05	73.15003490448	0
1000	100	1e-04	6	02:15:06	02:16:18	71.826807975769	0
500	100	1e-04	6	02:15:06	02:16:19	72.5234069824219	0
250	100	1e-04	6	02:15:06	02:16:19	72.6203451156616	0
750	100	1e-04	6	02:15:06	02:16:19	72.9251718521118	0
250	200	1e-04	6	02:16:19	02:17:32	72.6383309364319	0
50	200	1e-04	6	02:16:19	02:17:32	72.8572120666504	0
100	200	1e-04	6	02:16:19	02:17:33	73.1930100917816	0
500	200	1e-04	6	02:16:19	02:17:33	73.276957988739	0
50	500	1e-04	6	02:17:34	02:18:44	70.5315420627594	0
100	500	1e-04	6	02:17:34	02:18:45	71.3800301551819	0
1000	200	1e-04	6	02:17:34	02:18:45	71.5479590892792	0
750	200	1e-04	6	02:17:34	02:18:46	72.0726399421692	0
1000	500	1e-04	6	02:18:48	02:19:59	71.5349690914154	0
500	500	1e-04	6	02:18:48	02:19:59	71.8947651386261	0
750	500	1e-04	6	02:18:48	02:20:00	72.3075258731842	0
250	500	1e-04	6	02:18:48	02:20:00	72.4734292030334	0
50	10	2e-04	6	02:20:01	02:21:12	70.6994459629059	0
500	10	2e-04	6	02:20:01	02:21:12	71.4480149745941	0
100	10	2e-04	6	02:20:01	02:21:13	71.6099231243134	0
250	10	2e-04	6	02:20:01	02:21:13	71.8857600688934	0
750	10	2e-04	6	02:21:14	02:22:24	70.1867370605469	0
1000	10	2e-04	6	02:21:14	02:22:25	70.79039311409	0
100	20	2e-04	6	02:21:14	02:22:26	71.9407279491425	0
50	20	2e-04	6	02:21:14	02:22:27	72.303524017334	0
1000	20	2e-04	6	02:22:27	02:23:39	72.8971810340881	0
500	20	2e-04	6	02:22:27	02:23:40	73.1160659790039	0
750	20	2e-04	6	02:22:27	02:23:40	73.4248831272125	0
250	20	2e-04	6	02:22:27	02:23:40	73.746691942215	0
100	50	2e-04	6	02:23:42	02:24:54	72.1596200466156	0
50	50	2e-04	6	02:23:42	02:24:55	73.0061268806458	0
250	50	2e-04	6	02:23:42	02:24:55	73.3859078884125	0
500	50	2e-04	6	02:23:42	02:24:55	73.455864906311	0
1000	50	2e-04	6	02:24:55	02:26:08	72.5134060382843	0
100	100	2e-04	6	02:24:55	02:26:09	73.7896947860718	0
50	100	2e-04	6	02:24:55	02:26:09	74.3283648490906	0
750	50	2e-04	6	02:24:55	02:26:10	74.5312459468842	0
750	100	2e-04	6	02:26:11	02:27:22	70.9403131008148	0
500	100	2e-04	6	02:26:11	02:27:23	72.3774840831757	0
250	100	2e-04	6	02:26:11	02:27:23	72.4524409770966	0
1000	100	2e-04	6	02:26:11	02:27:23	72.6833090782166	0
250	200	2e-04	6	02:27:24	02:28:37	72.2795360088348	0
100	200	2e-04	6	02:27:24	02:28:37	72.7352628707886	0
50	200	2e-04	6	02:27:24	02:28:37	72.9421370029449	0
500	200	2e-04	6	02:27:24	02:28:38	73.2589600086212	0
100	500	2e-04	6	02:28:39	02:29:51	71.511990070343	0
750	200	2e-04	6	02:28:39	02:29:51	71.8547859191895	0
50	500	2e-04	6	02:28:39	02:29:51	71.9617230892181	0
1000	200	2e-04	6	02:28:39	02:29:51	72.3644919395447	0
250	500	2e-04	6	02:29:52	02:31:04	71.2571310997009	0
500	500	2e-04	6	02:29:52	02:31:05	72.6463289260864	0
1000	500	2e-04	6	02:29:52	02:31:05	72.6673169136047	0
750	500	2e-04	6	02:29:52	02:31:06	73.0451180934906	0
500	10	3e-04	6	02:31:06	02:32:16	70.6154999732971	0
250	10	3e-04	6	02:31:06	02:32:17	71.3440752029419	0
50	10	3e-04	6	02:31:06	02:32:18	72.1426181793213	0
100	10	3e-04	6	02:31:06	02:32:18	72.2235879898071	0
750	10	3e-04	6	02:32:18	02:33:29	70.5115549564362	0
1000	10	3e-04	6	02:32:18	02:33:30	71.4979889392853	0
50	20	3e-04	6	02:32:18	02:33:31	72.8542098999023	0
100	20	3e-04	6	02:32:18	02:33:31	72.8512070178986	0
1000	20	3e-04	6	02:33:31	02:34:43	72.1796000003815	0
750	20	3e-04	6	02:33:31	02:34:43	72.2065849304199	0
250	20	3e-04	6	02:33:31	02:34:44	72.8702020645142	0
500	20	3e-04	6	02:33:31	02:34:44	73.1610338687897	0
250	50	3e-04	6	02:34:44	02:35:56	71.8977599143982	0
100	50	3e-04	6	02:34:44	02:35:57	72.6383309364319	0
500	50	3e-04	6	02:34:44	02:35:57	72.8072290420532	0
50	50	3e-04	6	02:34:44	02:35:58	73.3439221382141	0
1000	50	3e-04	6	02:35:59	02:37:12	72.2385718822479	0
750	50	3e-04	6	02:35:59	02:37:12	72.760262966156	0
50	100	3e-04	6	02:35:59	02:37:12	72.7982470989227	0
100	100	3e-04	6	02:35:59	02:37:13	73.1070699691772	0
750	100	3e-04	6	02:37:13	02:38:25	72.5553719997406	0
250	100	3e-04	6	02:37:13	02:38:26	72.9811229705811	0
1000	100	3e-04	6	02:37:13	02:38:26	73.2209780216217	0
500	100	3e-04	6	02:37:13	02:38:26	73.3748948574066	0
500	200	3e-04	6	02:38:28	02:39:40	72.4764320850372	0
100	200	3e-04	6	02:38:28	02:39:40	72.5113949775696	0
250	200	3e-04	6	02:38:28	02:39:41	72.9771440029144	0
50	200	3e-04	6	02:38:28	02:39:41	73.4858272075653	0
1000	200	3e-04	6	02:39:41	02:40:53	71.9007658958435	0
50	500	3e-04	6	02:39:41	02:40:54	72.613340139389	0
100	500	3e-04	6	02:39:41	02:40:54	72.817232131958	0
750	200	3e-04	6	02:39:41	02:40:54	73.1480369567871	0
500	500	3e-04	6	02:40:55	02:42:06	71.7108871936798	0
750	500	3e-04	6	02:40:54	02:42:06	71.8587851524353	0
250	500	3e-04	6	02:40:55	02:42:07	72.7962610721588	0
1000	500	3e-04	6	02:40:54	02:42:07	72.9131798744202	0
50	10	4e-04	6	02:42:08	02:43:19	71.7878029346466	0
500	10	4e-04	6	02:42:08	02:43:19	71.9547109603882	0
250	10	4e-04	6	02:42:08	02:43:20	72.2165579795837	0
100	10	4e-04	6	02:42:08	02:43:20	72.3175139427185	0
750	10	4e-04	6	02:43:21	02:44:32	71.0932261943817	0
1000	10	4e-04	6	02:43:21	02:44:33	72.0336821079254	0
50	20	4e-04	6	02:43:21	02:44:34	72.9911270141602	0
100	20	4e-04	6	02:43:21	02:44:34	73.053099155426	0
1000	20	4e-04	6	02:44:34	02:45:48	73.7936708927155	0
750	20	4e-04	6	02:44:34	02:45:48	74.1274819374084	0
500	20	4e-04	6	02:44:34	02:45:48	74.2154281139374	0
250	20	4e-04	6	02:44:34	02:45:49	74.2354140281677	0
500	50	4e-04	6	02:45:49	02:47:01	72.1206321716309	0
250	50	4e-04	6	02:45:49	02:47:03	73.5268270969391	0
100	50	4e-04	6	02:45:49	02:47:03	73.784677028656	0
50	50	4e-04	6	02:45:49	02:47:03	73.8656289577484	0
750	50	4e-04	6	02:47:03	02:48:15	72.5273959636688	0
100	100	4e-04	6	02:47:03	02:48:16	72.5873620510101	0
1000	50	4e-04	6	02:47:03	02:48:16	73.2030091285706	0
50	100	4e-04	6	02:47:03	02:48:17	73.6927318572998	0
500	100	4e-04	6	02:48:18	02:49:29	71.1092119216919	0
1000	100	4e-04	6	02:48:18	02:49:30	72.060662984848	0
250	100	4e-04	6	02:48:18	02:49:30	72.1296279430389	0
750	100	4e-04	6	02:48:18	02:49:31	72.7962410449982	0
50	200	4e-04	6	02:49:32	02:50:43	71.4230308532715	0
100	200	4e-04	6	02:49:32	02:50:44	72.8931860923767	0
250	200	4e-04	6	02:49:32	02:50:45	73.1730241775513	0
500	200	4e-04	6	02:49:32	02:50:45	73.476851940155	0
50	500	4e-04	6	02:50:46	02:51:57	70.6614711284637	0
1000	200	4e-04	6	02:50:46	02:51:58	71.3280861377716	0
100	500	4e-04	6	02:50:46	02:51:58	71.9117522239685	0
750	200	4e-04	6	02:50:46	02:51:58	72.0116941928864	0
1000	500	4e-04	6	02:51:58	02:53:10	71.3390779495239	0
750	500	4e-04	6	02:51:58	02:53:10	71.8487870693207	0
500	500	4e-04	6	02:51:58	02:53:11	72.3574950695038	0
250	500	4e-04	6	02:51:58	02:53:11	72.8212289810181	0
250	10	5e-04	6	02:53:12	02:54:25	72.9911119937897	0
100	10	5e-04	6	02:53:12	02:54:26	73.6137609481812	0
50	10	5e-04	6	02:53:12	02:54:26	73.801647901535	0
500	10	5e-04	6	02:53:12	02:54:26	74.008544921875	0
1000	10	5e-04	6	02:54:28	02:55:39	70.9682931900024	0
750	10	5e-04	6	02:54:28	02:55:40	72.0436780452728	0
50	20	5e-04	6	02:54:28	02:55:41	72.7552659511566	0
100	20	5e-04	6	02:54:28	02:55:41	72.9931280612946	0
750	20	5e-04	6	02:55:42	02:56:53	71.529972076416	0
1000	20	5e-04	6	02:55:42	02:56:54	72.6013538837433	0
250	20	5e-04	6	02:55:42	02:56:55	73.332937002182	0
500	20	5e-04	6	02:55:42	02:56:55	73.5937860012054	0
50	50	5e-04	6	02:56:55	02:58:09	73.6177761554718	0
100	50	5e-04	6	02:56:55	02:58:09	73.722718000412	0
250	50	5e-04	6	02:56:55	02:58:09	73.9755840301514	0
500	50	5e-04	6	02:56:55	02:58:10	74.4712810516357	0
750	50	5e-04	6	02:58:11	02:59:22	71.1482040882111	0
100	100	5e-04	6	02:58:11	02:59:23	72.1995899677277	0
1000	50	5e-04	6	02:58:11	02:59:23	72.4294581413269	0
50	100	5e-04	6	02:58:11	02:59:24	72.9201791286469	0
250	100	5e-04	6	02:59:25	03:00:37	71.6059229373932	0
750	100	5e-04	6	02:59:25	03:00:37	71.9287400245667	0
1000	100	5e-04	6	02:59:25	03:00:37	72.2415599822998	0
500	100	5e-04	6	02:59:25	03:00:38	72.8332262039185	0
100	200	5e-04	6	03:00:39	03:01:51	71.4840049743652	0
50	200	5e-04	6	03:00:39	03:01:51	71.8198070526123	0
250	200	5e-04	6	03:00:39	03:01:52	72.3255159854889	0
500	200	5e-04	6	03:00:39	03:01:52	72.6313390731812	0
100	500	5e-04	6	03:01:53	03:03:05	71.9737160205841	0
1000	200	5e-04	6	03:01:53	03:03:05	72.0716578960419	0
750	200	5e-04	6	03:01:53	03:03:05	72.2145779132843	0
50	500	5e-04	6	03:01:53	03:03:06	72.4704308509827	0
1000	500	5e-04	6	03:03:07	03:04:18	70.4695839881897	0
750	500	5e-04	6	03:03:07	03:04:18	71.2691161632538	0
250	500	5e-04	6	03:03:07	03:04:19	71.7478461265564	0
500	500	5e-04	6	03:03:07	03:04:19	71.8487877845764	0
100	10	6e-04	6	03:04:19	03:05:29	70.5535349845886	0
500	10	6e-04	6	03:04:19	03:05:31	71.8947610855103	0
50	10	6e-04	6	03:04:19	03:05:31	72.0616700649261	0
250	10	6e-04	6	03:04:19	03:05:31	72.434454202652	0
1000	10	6e-04	6	03:05:32	03:06:43	71.5829439163208	0
750	10	6e-04	6	03:05:32	03:06:44	72.6353340148926	0
50	20	6e-04	6	03:05:32	03:06:45	72.7312800884247	0
100	20	6e-04	6	03:05:32	03:06:45	72.9331810474396	0
1000	20	6e-04	6	03:06:45	03:07:58	73.1760289669037	0
750	20	6e-04	6	03:06:45	03:07:59	73.7546970844269	0
250	20	6e-04	6	03:06:45	03:07:59	73.8406448364258	0
500	20	6e-04	6	03:06:45	03:07:59	73.8646287918091	0
250	50	6e-04	6	03:08:00	03:09:12	71.502986907959	0
100	50	6e-04	6	03:08:00	03:09:12	72.1985850334167	0
500	50	6e-04	6	03:08:00	03:09:12	72.2315669059753	0
50	50	6e-04	6	03:08:00	03:09:13	72.7952449321747	0
100	100	6e-04	6	03:09:14	03:10:26	72.0826380252838	0
750	50	6e-04	6	03:09:14	03:10:27	72.3794851303101	0
1000	50	6e-04	6	03:09:14	03:10:27	72.9331650733948	0
50	100	6e-04	6	03:09:14	03:10:28	73.2959599494934	0
250	100	6e-04	6	03:10:29	03:11:40	71.763839006424	0
1000	100	6e-04	6	03:10:29	03:11:41	71.9787130355835	0
500	100	6e-04	6	03:10:29	03:11:41	72.6553239822388	0
750	100	6e-04	6	03:10:29	03:11:42	72.8652038574219	0
50	200	6e-04	6	03:11:42	03:12:54	71.9397201538086	0
250	200	6e-04	6	03:11:42	03:12:55	72.2365431785583	0
500	200	6e-04	6	03:11:42	03:12:55	72.7142901420593	0
100	200	6e-04	6	03:11:42	03:12:55	73.051078081131	0
100	500	6e-04	6	03:12:57	03:14:07	70.4915759563446	0
50	500	6e-04	6	03:12:57	03:14:08	71.7408549785614	0
1000	200	6e-04	6	03:12:57	03:14:09	72.0416738986969	0
750	200	6e-04	6	03:12:57	03:14:09	72.6833148002625	0
1000	500	6e-04	6	03:14:10	03:15:21	71.2761180400848	0
750	500	6e-04	6	03:14:10	03:15:22	71.9817101955414	0
500	500	6e-04	6	03:14:10	03:15:23	72.6213440895081	0
250	500	6e-04	6	03:14:10	03:15:23	72.6833100318909	0
500	10	7e-04	6	03:15:23	03:16:34	71.6409261226654	0
100	10	7e-04	6	03:15:23	03:16:35	72.0126960277557	0
250	10	7e-04	6	03:15:23	03:16:35	72.061665058136	0
50	10	7e-04	6	03:15:23	03:16:35	72.277535200119	0
1000	10	7e-04	6	03:16:36	03:17:49	72.3355128765106	0
750	10	7e-04	6	03:16:36	03:17:49	73.01211810112	0
100	20	7e-04	6	03:16:36	03:17:50	73.507828950882	0
50	20	7e-04	6	03:16:36	03:17:50	74.0814969539642	0
750	20	7e-04	6	03:17:51	03:19:03	71.9397368431091	0
250	20	7e-04	6	03:17:51	03:19:04	72.9161770343781	0
1000	20	7e-04	6	03:17:51	03:19:04	72.9771418571472	0
500	20	7e-04	6	03:17:51	03:19:04	73.1410529613495	0
250	50	7e-04	6	03:19:04	03:20:17	72.5853559970856	0
500	50	7e-04	6	03:19:04	03:20:18	73.7257130146027	0
100	50	7e-04	6	03:19:04	03:20:18	74.0075278282166	0
50	50	7e-04	6	03:19:04	03:20:19	74.0355100631714	0
1000	50	7e-04	6	03:20:20	03:21:31	71.5789439678192	0
100	100	7e-04	6	03:20:20	03:21:32	72.4784271717072	0
50	100	7e-04	6	03:20:20	03:21:33	72.9951310157776	0
750	50	7e-04	6	03:20:20	03:21:33	73.0291268825531	0
500	100	7e-04	6	03:21:34	03:22:46	72.0616700649261	0
750	100	7e-04	6	03:21:34	03:22:46	72.4734280109406	0
1000	100	7e-04	6	03:21:34	03:22:47	72.8572039604187	0
250	100	7e-04	6	03:21:34	03:22:47	73.0081388950348	0
250	200	7e-04	6	03:22:48	03:24:00	71.7108688354492	0
50	200	7e-04	6	03:22:48	03:24:00	72.1466181278229	0
500	200	7e-04	6	03:22:48	03:24:01	72.7152900695801	0
100	200	7e-04	6	03:22:48	03:24:01	72.9931490421295	0
1000	200	7e-04	6	03:24:02	03:25:15	73.0480768680573	0
50	500	7e-04	6	03:24:02	03:25:16	73.1350340843201	0
100	500	7e-04	6	03:24:02	03:25:16	73.8636090755463	0
750	200	7e-04	6	03:24:02	03:25:16	74.0115230083466	0
750	500	7e-04	6	03:25:17	03:26:28	70.6454730033875	0
1000	500	7e-04	6	03:25:17	03:26:29	71.6878728866577	0
250	500	7e-04	6	03:25:17	03:26:29	72.2475509643555	0
500	500	7e-04	6	03:25:17	03:26:29	72.5423889160156	0
250	10	8e-04	6	03:26:31	03:27:42	71.0562469959259	0
100	10	8e-04	6	03:26:31	03:27:42	71.547963142395	0
500	10	8e-04	6	03:26:31	03:27:43	72.0246841907501	0
50	10	8e-04	6	03:26:31	03:27:43	72.3465192317963	0
1000	10	8e-04	6	03:27:44	03:28:56	71.2211480140686	0
750	10	8e-04	6	03:27:44	03:28:56	71.4430401325226	0
100	20	8e-04	6	03:27:44	03:28:57	72.9091799259186	0
50	20	8e-04	6	03:27:44	03:28:57	73.1040840148926	0
500	20	8e-04	6	03:28:58	03:30:10	72.8092241287231	0
750	20	8e-04	6	03:28:58	03:30:10	72.8821909427643	0
250	20	8e-04	6	03:28:58	03:30:11	73.4328739643097	0
1000	20	8e-04	6	03:28:58	03:30:11	73.8446249961853	0
100	50	8e-04	6	03:30:11	03:31:24	72.0336880683899	0
50	50	8e-04	6	03:30:11	03:31:25	73.2439870834351	0
250	50	8e-04	6	03:30:11	03:31:25	73.5727989673615	0
500	50	8e-04	6	03:30:11	03:31:25	73.6387610435486	0
50	100	8e-04	6	03:31:26	03:32:38	72.150622844696	0
100	100	8e-04	6	03:31:26	03:32:39	72.9591491222382	0
750	50	8e-04	6	03:31:26	03:32:39	73.151034116745	0
1000	50	8e-04	6	03:31:26	03:32:39	73.3699090480804	0
1000	100	8e-04	6	03:32:39	03:33:51	72.4444479942322	0
500	100	8e-04	6	03:32:39	03:33:52	72.714292049408	0
250	100	8e-04	6	03:32:39	03:33:52	72.9921309947968	0
750	100	8e-04	6	03:32:39	03:33:52	73.435879945755	0
250	200	8e-04	6	03:33:54	03:35:13	79.6682989597321	0
100	200	8e-04	6	03:33:54	03:35:14	80.6327459812164	0
50	200	8e-04	6	03:33:54	03:35:15	80.897598028183	0
500	200	8e-04	6	03:33:54	03:35:15	80.8965950012207	0
100	500	8e-04	6	03:35:15	03:36:27	72.4644470214844	0
1000	200	8e-04	6	03:35:15	03:36:28	72.7212860584259	0
50	500	8e-04	6	03:35:15	03:36:28	72.9931499958038	0
750	200	8e-04	6	03:35:15	03:36:28	73.4298791885376	0
750	500	8e-04	6	03:36:30	03:37:42	72.3874840736389	0
500	500	8e-04	6	03:36:30	03:37:42	72.6503260135651	0
1000	500	8e-04	6	03:36:30	03:37:42	72.84321808815	0
250	500	8e-04	6	03:36:30	03:37:43	73.2289950847626	0
250	10	9e-04	6	03:37:44	03:38:55	70.9293169975281	0
500	10	9e-04	6	03:37:44	03:38:56	71.5839419364929	0
100	10	9e-04	6	03:37:44	03:38:56	71.8767740726471	0
50	10	9e-04	6	03:37:44	03:38:57	72.4064698219299	0
1000	10	9e-04	6	03:38:58	03:40:10	72.0566740036011	0
750	10	9e-04	6	03:38:58	03:40:11	72.6123518943787	0
100	20	9e-04	6	03:38:58	03:40:12	73.3769111633301	0
50	20	9e-04	6	03:38:58	03:40:12	74.1184849739075	0
500	20	9e-04	6	03:40:12	03:41:25	73.0890851020813	0
750	20	9e-04	6	03:40:12	03:41:26	73.6047852039337	0
250	20	9e-04	6	03:40:12	03:41:26	73.7976698875427	0
1000	20	9e-04	6	03:40:12	03:41:26	74.0245411396027	0
100	50	9e-04	6	03:41:28	03:42:41	72.6743159294128	0
500	50	9e-04	6	03:41:28	03:42:41	73.0720829963684	0
50	50	9e-04	6	03:41:28	03:42:41	73.3949010372162	0
250	50	9e-04	6	03:41:28	03:42:42	73.9985539913177	0
100	100	9e-04	6	03:42:43	03:43:56	73.0550999641418	0
750	50	9e-04	6	03:42:43	03:43:56	73.4908690452576	0
1000	50	9e-04	6	03:42:43	03:43:56	73.6847338676453	0
50	100	9e-04	6	03:42:42	03:43:57	74.0005359649658	0
1000	100	9e-04	6	03:43:58	03:45:11	72.6093499660492	0
500	100	9e-04	6	03:43:58	03:45:11	73.4968409538269	0
750	100	9e-04	6	03:43:58	03:45:12	74.1304750442505	0
250	100	9e-04	6	03:43:58	03:45:12	74.2294209003448	0
100	200	9e-04	6	03:45:14	03:46:26	72.0496819019318	0
500	200	9e-04	6	03:45:14	03:46:26	72.2505640983582	0
50	200	9e-04	6	03:45:14	03:46:26	72.9611539840698	0
250	200	9e-04	6	03:45:14	03:46:27	73.1570389270782	0
1000	200	9e-04	6	03:46:28	03:47:40	71.8118081092834	0
100	500	9e-04	6	03:46:28	03:47:40	72.2295730113983	0
50	500	9e-04	6	03:46:28	03:47:41	73.3929009437561	0
750	200	9e-04	6	03:46:28	03:47:41	73.4348781108856	0
750	500	9e-04	6	03:47:42	03:48:53	70.889340877533	0
1000	500	9e-04	6	03:47:42	03:48:53	71.4989938735962	0
500	500	9e-04	6	03:47:42	03:48:53	71.6548969745636	0
250	500	9e-04	6	03:47:42	03:48:54	72.0066950321198	0
50	10	0.001	6	03:48:55	03:50:07	72.1316361427307	0
250	10	0.001	6	03:48:55	03:50:07	72.3205199241638	0
100	10	0.001	6	03:48:55	03:50:08	72.6203429698944	0
500	10	0.001	6	03:48:55	03:50:08	72.8002429008484	0
1000	10	0.001	6	03:50:10	03:51:20	70.5175528526306	0
750	10	0.001	6	03:50:10	03:51:21	71.010274887085	0
50	20	0.001	6	03:50:10	03:51:22	72.3415038585663	0
100	20	0.001	6	03:50:10	03:51:22	72.5703690052032	0
500	20	0.001	6	03:51:22	03:52:35	72.9661409854889	0
750	20	0.001	6	03:51:22	03:52:35	73.1460409164429	0
1000	20	0.001	6	03:51:22	03:52:36	73.3719260692596	0
250	20	0.001	6	03:51:22	03:52:36	73.6867270469666	0
50	50	0.001	6	03:52:37	03:53:49	71.6369168758392	0
100	50	0.001	6	03:52:37	03:53:50	72.67631483078	0
500	50	0.001	6	03:52:37	03:53:50	72.7412760257721	0
250	50	0.001	6	03:52:37	03:53:50	72.9991250038147	0
750	50	0.001	6	03:53:51	03:55:04	73.4598619937897	0
100	100	0.001	6	03:53:51	03:55:05	74.3003721237183	0
1000	50	0.001	6	03:53:51	03:55:05	74.5812108516693	0
50	100	0.001	6	03:53:51	03:55:05	74.8940348625183	0
250	100	0.001	6	03:55:07	03:56:18	71.5989320278168	0
500	100	0.001	6	03:55:07	03:56:20	73.0580949783325	0
750	100	0.001	6	03:55:07	03:56:20	73.2310140132904	0
1000	100	0.001	6	03:55:07	03:56:20	73.47385597229	0
50	200	0.001	6	03:56:22	03:57:33	71.3670599460602	0
500	200	0.001	6	03:56:22	03:57:34	71.9747052192688	0
100	200	0.001	6	03:56:22	03:57:34	72.0936398506165	0
250	200	0.001	6	03:56:22	03:57:34	72.5653719902039	0
750	200	0.001	6	03:57:35	03:58:46	70.5365409851074	0
50	500	0.001	6	03:57:35	03:58:47	71.5489599704742	0
1000	200	0.001	6	03:57:35	03:58:47	71.5529570579529	0
100	500	0.001	6	03:57:35	03:58:48	72.214574098587	0
250	500	0.001	6	03:58:48	03:59:59	71.2351350784302	0
1000	500	0.001	6	03:58:48	04:00:00	71.6099390983582	0
750	500	0.001	6	03:58:48	04:00:00	72.0106911659241	0
500	500	0.001	6	03:58:48	04:00:00	72.3934960365295	0
50	10	-1	8	04:00:02	04:01:35	93.3734378814697	9100000
500	10	-1	8	04:00:02	04:01:36	94.1140148639679	9420000
100	10	-1	8	04:00:02	04:01:36	94.6626999378204	9280000
250	10	-1	8	04:00:02	04:01:37	94.9095559120178	9373333.33333333
1000	10	-1	8	04:01:38	04:03:11	92.6808409690857	9793333.33333333
750	10	-1	8	04:01:38	04:03:12	93.5253541469574	9743333.33333333
100	20	-1	8	04:01:38	04:03:13	94.5127861499786	8330000
50	20	-1	8	04:01:38	04:03:13	95.1913940906525	7706666.66666667
1000	20	-1	8	04:03:14	04:04:48	94.5037910938263	9156666.66666667
750	20	-1	8	04:03:14	04:04:50	95.89599609375	8956666.66666667
250	20	-1	8	04:03:14	04:04:50	96.0808899402618	8930000
500	20	-1	8	04:03:14	04:04:50	96.2737970352173	8816666.66666667
250	50	-1	8	04:04:51	04:06:26	95.0864629745483	9433333.33333333
500	50	-1	8	04:04:51	04:06:26	95.5082139968872	9076666.66666667
50	50	-1	8	04:04:51	04:06:27	96.3097560405731	8423333.33333333
100	50	-1	8	04:04:51	04:06:27	96.5216510295868	8423333.33333333
1000	50	-1	8	04:06:29	04:08:02	93.5163590908051	10220000
750	50	-1	8	04:06:29	04:08:03	94.2809231281281	9386666.66666667
100	100	-1	8	04:06:29	04:08:04	95.6481401920319	7316666.66666667
50	100	-1	8	04:06:29	04:08:05	96.0609178543091	7316666.66666667
750	100	-1	8	04:08:05	04:09:38	93.0356431007385	7290000
1000	100	-1	8	04:08:05	04:09:38	93.3604481220245	9600000
500	100	-1	8	04:08:05	04:09:39	93.4653868675232	7346666.66666667
250	100	-1	8	04:08:05	04:09:39	94.0660398006439	7086666.66666667
500	200	-1	8	04:09:40	04:11:11	91.6714050769806	8003333.33333333
250	200	-1	8	04:09:40	04:11:13	92.8587329387665	7443333.33333333
50	200	-1	8	04:09:40	04:11:13	93.1525638103485	7443333.33333333
100	200	-1	8	04:09:40	04:11:13	93.4314081668854	7443333.33333333
1000	200	-1	8	04:11:14	04:12:46	91.3885898590088	9900000
100	500	-1	8	04:11:14	04:12:46	91.9842388629913	9886666.66666667
50	500	-1	8	04:11:14	04:12:47	92.0792059898376	9886666.66666667
750	200	-1	8	04:11:14	04:12:47	92.5049378871918	8190000
750	500	-1	8	04:12:47	04:14:18	90.6520040035248	9886666.66666667
1000	500	-1	8	04:12:47	04:14:18	90.8249061107635	9886666.66666667
500	500	-1	8	04:12:47	04:14:18	91.2246739864349	9886666.66666667
250	500	-1	8	04:12:47	04:14:19	91.7743580341339	9886666.66666667
500	10	0	8	04:14:20	04:15:51	90.6689910888672	0
100	10	0	8	04:14:20	04:15:53	92.6068789958954	0
50	10	0	8	04:14:20	04:15:53	92.8347671031952	0
250	10	0	8	04:14:20	04:15:53	93.0996160507202	0
1000	10	0	8	04:15:55	04:17:26	91.7783598899841	0
750	10	0	8	04:15:55	04:17:26	91.7823550701141	0
50	20	0	8	04:15:55	04:17:28	93.4464049339294	0
100	20	0	8	04:15:55	04:17:28	93.8002121448517	0
750	20	0	8	04:17:29	04:19:04	94.8056180477142	0
1000	20	0	8	04:17:29	04:19:04	94.848592042923	0
500	20	0	8	04:17:29	04:19:04	95.4792330265045	0
250	20	0	8	04:17:29	04:19:05	95.6941030025482	0
500	50	0	8	04:19:06	04:20:38	92.2570810317993	0
250	50	0	8	04:19:06	04:20:40	93.9041359424591	0
100	50	0	8	04:19:06	04:20:40	94.0030779838562	0
50	50	0	8	04:19:06	04:20:41	94.6217188835144	0
1000	50	0	8	04:20:41	04:22:14	92.6388649940491	0
750	50	0	8	04:20:41	04:22:15	93.7132468223572	0
100	100	0	8	04:20:41	04:22:16	94.9135558605194	0
50	100	0	8	04:20:41	04:22:16	95.3153269290924	0
1000	100	0	8	04:22:17	04:23:48	90.9718170166016	0
750	100	0	8	04:22:17	04:23:49	92.1171591281891	0
500	100	0	8	04:22:17	04:23:50	93.145571231842	0
250	100	0	8	04:22:17	04:23:50	93.2375359535217	0
500	200	0	8	04:23:50	04:25:24	93.9491209983826	0
250	200	0	8	04:23:50	04:25:25	95.3093070983887	0
100	200	0	8	04:23:50	04:25:26	95.6840949058533	0
50	200	0	8	04:23:50	04:25:26	95.787074804306	0
50	500	0	8	04:25:26	04:26:57	90.4521191120148	0
1000	200	0	8	04:25:26	04:26:58	91.2676520347595	0
100	500	0	8	04:25:26	04:26:58	91.6194279193878	0
750	200	0	8	04:25:26	04:26:58	91.9532508850098	0
750	500	0	8	04:27:00	04:28:29	88.773078918457	0
1000	500	0	8	04:27:00	04:28:29	89.4736590385437	0
250	500	0	8	04:27:00	04:28:30	90.6050288677216	0
500	500	0	8	04:27:00	04:28:31	90.7849009037018	0
500	10	1e-04	8	04:28:31	04:30:04	92.9766659736633	0
100	10	1e-04	8	04:28:31	04:30:04	93.4433999061584	0
250	10	1e-04	8	04:28:31	04:30:04	93.629292011261	0
50	10	1e-04	8	04:28:31	04:30:05	94.4298300743103	0
750	10	1e-04	8	04:30:06	04:31:38	92.4009771347046	0
1000	10	1e-04	8	04:30:06	04:31:39	93.2584850788116	0
100	20	1e-04	8	04:30:06	04:31:40	94.2948908805847	0
50	20	1e-04	8	04:30:06	04:31:40	94.8235931396484	0
1000	20	1e-04	8	04:31:41	04:33:16	95.200394153595	0
250	20	1e-04	8	04:31:41	04:33:17	96.0478889942169	0
500	20	1e-04	8	04:31:41	04:33:17	96.0578808784485	0
750	20	1e-04	8	04:31:41	04:33:17	96.3407168388367	0
50	50	1e-04	8	04:33:17	04:34:53	96.2228090763092	0
500	50	1e-04	8	04:33:17	04:34:54	96.8474471569061	0
100	50	1e-04	8	04:33:17	04:34:54	96.9014179706573	0
250	50	1e-04	8	04:33:17	04:34:54	96.9403929710388	0
750	50	1e-04	8	04:34:54	04:36:26	91.9822399616241	0
1000	50	1e-04	8	04:34:54	04:36:27	92.861732006073	0
100	100	1e-04	8	04:34:54	04:36:28	93.471382856369	0
50	100	1e-04	8	04:34:54	04:36:29	94.4478230476379	0
1000	100	1e-04	8	04:36:29	04:38:02	92.6008830070496	0
500	100	1e-04	8	04:36:29	04:38:03	93.8801457881927	0
750	100	1e-04	8	04:36:29	04:38:03	93.9831068515778	0
250	100	1e-04	8	04:36:29	04:38:04	94.8835890293121	0
500	200	1e-04	8	04:38:04	04:39:35	91.0767529010773	0
50	200	1e-04	8	04:38:04	04:39:36	92.1711299419403	0
250	200	1e-04	8	04:38:04	04:39:37	92.7467939853668	0
100	200	1e-04	8	04:38:04	04:39:37	92.9566769599915	0
1000	200	1e-04	8	04:39:37	04:41:10	92.601881980896	0
100	500	1e-04	8	04:39:37	04:41:10	92.9936621189117	0
50	500	1e-04	8	04:39:37	04:41:11	93.3844299316406	0
750	200	1e-04	8	04:39:37	04:41:12	94.0910239219666	0
750	500	1e-04	8	04:41:13	04:42:43	89.8124878406525	0
1000	500	1e-04	8	04:41:13	04:42:43	89.9783890247345	0
500	500	1e-04	8	04:41:13	04:42:44	90.8788728713989	0
250	500	1e-04	8	04:41:13	04:42:44	91.652428150177	0
500	10	2e-04	8	04:42:45	04:44:18	93.0756139755249	0
100	10	2e-04	8	04:42:45	04:44:18	93.4444010257721	0
250	10	2e-04	8	04:42:45	04:44:18	93.4733879566193	0
50	10	2e-04	8	04:42:45	04:44:19	93.7322309017181	0
1000	10	2e-04	8	04:44:20	04:45:52	92.2141041755676	0
750	10	2e-04	8	04:44:20	04:45:53	93.1455690860748	0
100	20	2e-04	8	04:44:20	04:45:54	94.1070139408112	0
50	20	2e-04	8	04:44:20	04:45:54	94.4967949390411	0
750	20	2e-04	8	04:45:54	04:47:27	92.9007148742676	0
1000	20	2e-04	8	04:45:54	04:47:29	94.1979730129242	0
500	20	2e-04	8	04:45:54	04:47:29	94.7216649055481	0
250	20	2e-04	8	04:45:54	04:47:29	95.0144929885864	0
250	50	2e-04	8	04:47:30	04:49:03	92.2730579376221	0
500	50	2e-04	8	04:47:30	04:49:04	93.18052983284	0
50	50	2e-04	8	04:47:30	04:49:05	94.2429149150848	0
100	50	2e-04	8	04:47:30	04:49:05	94.3618710041046	0
1000	50	2e-04	8	04:49:05	04:50:35	90.3931641578674	0
750	50	2e-04	8	04:49:05	04:50:37	91.8143382072449	0
50	100	2e-04	8	04:49:05	04:50:38	93.3434572219849	0
100	100	2e-04	8	04:49:05	04:50:38	93.4344220161438	0
750	100	2e-04	8	04:50:38	04:52:11	92.3610208034515	0
1000	100	2e-04	8	04:50:38	04:52:11	93.0316348075867	0
500	100	2e-04	8	04:50:38	04:52:12	93.7222340106964	0
250	100	2e-04	8	04:50:38	04:52:12	94.0060579776764	0
100	200	2e-04	8	04:52:14	04:53:45	90.8329019546509	0
250	200	2e-04	8	04:52:14	04:53:45	90.9708280563354	0
500	200	2e-04	8	04:52:14	04:53:45	91.7593669891357	0
50	200	2e-04	8	04:52:14	04:53:45	91.7833521366119	0
100	500	2e-04	8	04:53:46	04:55:15	88.9939529895782	0
1000	200	2e-04	8	04:53:46	04:55:16	90.0633389949799	0
50	500	2e-04	8	04:53:46	04:55:16	90.1213011741638	0
750	200	2e-04	8	04:53:46	04:55:17	90.7929191589355	0
1000	500	2e-04	8	04:55:17	04:56:57	99.7227969169617	0
500	500	2e-04	8	04:55:17	04:56:57	100.143563985825	0
250	500	2e-04	8	04:55:17	04:56:58	101.11499786377	0
750	500	2e-04	8	04:55:17	04:56:59	101.425817012787	0
250	10	3e-04	8	04:57:00	04:58:38	98.1726820468903	0
100	10	3e-04	8	04:57:00	04:58:39	98.3635730743408	0
500	10	3e-04	8	04:57:00	04:58:39	98.8053390979767	0
50	10	3e-04	8	04:57:00	04:58:39	99.0092210769653	0
1000	10	3e-04	8	04:58:40	05:00:13	92.740797996521	0
750	10	3e-04	8	04:58:40	05:00:13	92.8417489528656	0
50	20	3e-04	8	04:58:40	05:00:14	94.0120730400085	0
100	20	3e-04	8	04:58:40	05:00:15	94.5507628917694	0
1000	20	3e-04	8	05:00:15	05:01:49	93.3114790916443	0
500	20	3e-04	8	05:00:15	05:01:49	93.4903831481934	0
750	20	3e-04	8	05:00:15	05:01:50	94.519779920578	0
250	20	3e-04	8	05:00:15	05:01:50	94.6017370223999	0
500	50	3e-04	8	05:01:50	05:03:23	92.6048619747162	0
250	50	3e-04	8	05:01:50	05:03:24	93.3394479751587	0
100	50	3e-04	8	05:01:50	05:03:24	93.3564269542694	0
50	50	3e-04	8	05:01:50	05:03:25	94.1659619808197	0
1000	50	3e-04	8	05:03:25	05:04:57	91.9052901268005	0
750	50	3e-04	8	05:03:25	05:04:58	93.3454608917236	0
100	100	3e-04	8	05:03:25	05:04:59	94.0650429725647	0
50	100	3e-04	8	05:03:25	05:04:59	94.5167841911316	0
1000	100	3e-04	8	05:05:00	05:06:32	92.5099449157715	0
750	100	3e-04	8	05:05:00	05:06:33	92.9516830444336	0
500	100	3e-04	8	05:05:00	05:06:34	93.9611110687256	0
250	100	3e-04	8	05:05:00	05:06:34	94.4808089733124	0
500	200	3e-04	8	05:06:34	05:08:04	90.3651630878448	0
50	200	3e-04	8	05:06:34	05:08:05	90.948814868927	0
250	200	3e-04	8	05:06:34	05:08:06	91.8722770214081	0
100	200	3e-04	8	05:06:34	05:08:06	91.9892151355743	0
100	500	3e-04	8	05:08:07	05:09:36	89.4576890468597	0
50	500	3e-04	8	05:08:07	05:09:37	89.9623999595642	0
1000	200	3e-04	8	05:08:07	05:09:37	90.4761030673981	0
750	200	3e-04	8	05:08:07	05:09:38	91.3036258220673	0
1000	500	3e-04	8	05:09:38	05:11:06	87.9775369167328	0
750	500	3e-04	8	05:09:38	05:11:07	88.2983520030975	0
500	500	3e-04	8	05:09:38	05:11:08	89.4496850967407	0
250	500	3e-04	8	05:09:38	05:11:08	89.562618970871	0
50	10	4e-04	8	05:11:09	05:12:42	93.2734839916229	0
500	10	4e-04	8	05:11:09	05:12:43	94.0330431461334	0
100	10	4e-04	8	05:11:09	05:12:44	94.3778438568115	0
250	10	4e-04	8	05:11:09	05:12:44	94.5847280025482	0
750	10	4e-04	8	05:12:45	05:14:22	97.7889099121094	0
1000	10	4e-04	8	05:12:45	05:14:23	98.3615610599518	0
100	20	4e-04	8	05:12:45	05:14:25	100.264486074448	0
50	20	4e-04	8	05:12:45	05:14:25	100.446389913559	0
1000	20	4e-04	8	05:14:25	05:15:59	93.4253888130188	0
750	20	4e-04	8	05:14:25	05:15:59	94.2259428501129	0
500	20	4e-04	8	05:14:25	05:16:00	94.4588010311127	0
250	20	4e-04	8	05:14:25	05:16:00	95.1334111690521	0
500	50	4e-04	8	05:16:01	05:17:34	92.8677070140839	0
250	50	4e-04	8	05:16:01	05:17:35	93.8081657886505	0
50	50	4e-04	8	05:16:01	05:17:36	94.4448049068451	0
100	50	4e-04	8	05:16:01	05:17:36	94.6446940898895	0
1000	50	4e-04	8	05:17:37	05:19:09	92.154139995575	0
750	50	4e-04	8	05:17:37	05:19:10	92.5449120998383	0
50	100	4e-04	8	05:17:37	05:19:11	93.797196149826	0
100	100	4e-04	8	05:17:37	05:19:12	94.3888540267944	0
1000	100	4e-04	8	05:19:12	05:20:44	91.994234085083	0
750	100	4e-04	8	05:19:12	05:20:45	92.7238149642944	0
500	100	4e-04	8	05:19:12	05:20:45	92.9806668758392	0
250	100	4e-04	8	05:19:12	05:20:46	94.1899659633636	0
250	200	4e-04	8	05:20:47	05:22:17	89.9983620643616	0
500	200	4e-04	8	05:20:47	05:22:17	90.8768501281738	0
50	200	4e-04	8	05:20:47	05:22:18	91.2016668319702	0
100	200	4e-04	8	05:20:47	05:22:19	91.9722149372101	0
50	500	4e-04	8	05:22:19	05:23:49	90.2562379837036	0
1000	200	4e-04	8	05:22:19	05:23:50	90.7639420032501	0
100	500	4e-04	8	05:22:19	05:23:50	91.0847501754761	0
750	200	4e-04	8	05:22:19	05:23:51	91.5984580516815	0
1000	500	4e-04	8	05:23:52	05:25:20	88.4562618732452	0
750	500	4e-04	8	05:23:52	05:25:21	88.7660820484161	0
500	500	4e-04	8	05:23:52	05:25:22	89.6085999011993	0
250	500	4e-04	8	05:23:52	05:25:22	90.1013190746307	0
500	10	5e-04	8	05:25:23	05:26:55	91.6054580211639	0
250	10	5e-04	8	05:25:23	05:26:55	92.0911791324615	0
50	10	5e-04	8	05:25:23	05:26:56	92.8397481441498	0
100	10	5e-04	8	05:25:23	05:26:57	93.3534672260284	0
750	10	5e-04	8	05:26:58	05:28:30	92.3470299243927	0
1000	10	5e-04	8	05:26:58	05:28:31	93.1395630836487	0
50	20	5e-04	8	05:26:58	05:28:32	94.4388289451599	0
100	20	5e-04	8	05:26:58	05:28:32	94.5807430744171	0
250	20	5e-04	8	05:28:32	05:30:07	94.1290080547333	0
1000	20	5e-04	8	05:28:32	05:30:07	94.4218409061432	0
500	20	5e-04	8	05:28:32	05:30:07	94.7226610183716	0
750	20	5e-04	8	05:28:32	05:30:07	94.9225471019745	0
500	50	5e-04	8	05:30:09	05:31:42	93.3014829158783	0
250	50	5e-04	8	05:30:09	05:31:43	93.8481709957123	0
50	50	5e-04	8	05:30:09	05:31:43	94.6986970901489	0
100	50	5e-04	8	05:30:09	05:31:44	94.9105610847473	0
1000	50	5e-04	8	05:31:45	05:33:17	91.7313838005066	0
750	50	5e-04	8	05:31:45	05:33:19	93.7252428531647	0
100	100	5e-04	8	05:31:45	05:33:19	94.3988490104675	0
50	100	5e-04	8	05:31:45	05:33:19	94.557758808136	0
1000	100	5e-04	8	05:33:20	05:34:52	92.0392019748688	0
750	100	5e-04	8	05:33:20	05:34:53	92.6988229751587	0
250	100	5e-04	8	05:33:20	05:34:54	93.7062470912933	0
500	100	5e-04	8	05:33:20	05:34:54	94.0170640945435	0
250	200	5e-04	8	05:34:55	05:36:25	90.0663468837738	0
500	200	5e-04	8	05:34:55	05:36:25	90.4431269168854	0
100	200	5e-04	8	05:34:55	05:36:26	91.5664739608765	0
50	200	5e-04	8	05:34:55	05:36:26	91.6324419975281	0
100	500	5e-04	8	05:36:27	05:37:56	89.2717978954315	0
50	500	5e-04	8	05:36:27	05:37:57	89.9703931808472	0
1000	200	5e-04	8	05:36:27	05:37:57	90.4551160335541	0
750	200	5e-04	8	05:36:27	05:37:58	91.1717000007629	0
1000	500	5e-04	8	05:37:58	05:39:27	88.5342109203339	0
750	500	5e-04	8	05:37:58	05:39:28	89.4436950683594	0
250	500	5e-04	8	05:37:58	05:39:29	90.2972018718719	0
500	500	5e-04	8	05:37:58	05:39:29	90.4541141986847	0
250	10	6e-04	8	05:39:29	05:41:02	93.0796120166779	0
100	10	6e-04	8	05:39:29	05:41:03	94.1439979076385	0
500	10	6e-04	8	05:39:29	05:41:03	94.3608739376068	0
50	10	6e-04	8	05:39:29	05:41:03	94.4808239936829	0
1000	10	6e-04	8	05:41:05	05:42:37	92.1331520080566	0
750	10	6e-04	8	05:41:05	05:42:37	92.660845041275	0
50	20	6e-04	8	05:41:05	05:42:39	93.8991320133209	0
100	20	6e-04	8	05:41:05	05:42:39	94.3828539848328	0
1000	20	6e-04	8	05:42:40	05:44:14	94.1959772109985	0
250	20	6e-04	8	05:42:40	05:44:14	94.4168429374695	0
750	20	6e-04	8	05:42:40	05:44:15	95.2883429527283	0
500	20	6e-04	8	05:42:40	05:44:15	95.8210389614105	0
500	50	6e-04	8	05:44:16	05:45:48	92.5469219684601	0
250	50	6e-04	8	05:44:16	05:45:49	93.3864278793335	0
100	50	6e-04	8	05:44:16	05:45:50	94.4698071479797	0
50	50	6e-04	8	05:44:16	05:45:50	94.7246639728546	0
1000	50	6e-04	8	05:45:50	05:47:26	95.7817189693451	0
750	50	6e-04	8	05:45:50	05:47:27	96.3693659305573	0
100	100	6e-04	8	05:45:50	05:47:27	97.0749590396881	0
50	100	6e-04	8	05:45:50	05:47:28	97.4997110366821	0
1000	100	6e-04	8	05:47:28	05:49:04	95.8410241603851	0
750	100	6e-04	8	05:47:28	05:49:05	97.114284992218	0
500	100	6e-04	8	05:47:28	05:49:05	97.5120599269867	0
250	100	6e-04	8	05:47:28	05:49:06	97.6409811973572	0
100	200	6e-04	8	05:49:06	05:50:37	91.2696430683136	0
50	200	6e-04	8	05:49:06	05:50:37	91.4605400562286	0
250	200	6e-04	8	05:49:07	05:50:38	90.9248449802399	0
500	200	6e-04	8	05:49:07	05:50:38	90.8199210166931	0
100	500	6e-04	8	05:50:38	05:52:10	91.4255549907684	0
750	200	6e-04	8	05:50:38	05:52:10	91.4565410614014	0
50	500	6e-04	8	05:50:38	05:52:10	92.0401978492737	0
1000	200	6e-04	8	05:50:38	05:52:10	92.1471438407898	0
1000	500	6e-04	8	05:52:11	05:53:40	89.0129640102386	0
500	500	6e-04	8	05:52:11	05:53:42	90.9618260860443	0
750	500	6e-04	8	05:52:11	05:53:42	91.1037440299988	0
250	500	6e-04	8	05:52:11	05:53:42	91.6604208946228	0
500	10	7e-04	8	05:53:43	05:55:16	93.6732649803162	0
250	10	7e-04	8	05:53:43	05:55:17	94.4528231620789	0
50	10	7e-04	8	05:53:43	05:55:18	95.3233201503754	0
100	10	7e-04	8	05:53:43	05:55:18	95.6721181869507	0
750	10	7e-04	8	05:55:20	05:56:52	92.5938880443573	0
50	20	7e-04	8	05:55:20	05:56:54	94.0260698795319	0
1000	10	7e-04	8	05:55:20	05:56:54	94.615730047226	0
100	20	7e-04	8	05:55:20	05:56:55	95.2503819465637	0
750	20	7e-04	8	05:56:55	05:58:29	93.8177120685577	0
1000	20	7e-04	8	05:56:55	05:58:31	95.2978549003601	0
250	20	7e-04	8	05:56:55	05:58:31	95.5507090091705	0
500	20	7e-04	8	05:56:55	05:58:31	95.7795770168304	0
250	50	7e-04	8	05:58:32	06:00:11	98.7263858318329	0
500	50	7e-04	8	05:58:32	06:00:12	99.7927560806274	0
50	50	7e-04	8	05:58:32	06:00:13	100.293470859528	0
100	50	7e-04	8	05:58:32	06:00:13	100.705224990845	0
1000	50	7e-04	8	06:00:14	06:01:46	91.9932301044464	0
750	50	7e-04	8	06:00:14	06:01:48	93.3974261283875	0
100	100	7e-04	8	06:00:14	06:01:48	93.8361749649048	0
50	100	7e-04	8	06:00:14	06:01:49	94.1859760284424	0
1000	100	7e-04	8	06:01:50	06:03:21	91.8762991428375	0
500	100	7e-04	8	06:01:50	06:03:22	92.1981198787689	0
750	100	7e-04	8	06:01:50	06:03:23	93.2195308208466	0
250	100	7e-04	8	06:01:50	06:03:23	93.2565088272095	0
500	200	7e-04	8	06:03:23	06:04:53	90.1662859916687	0
50	200	7e-04	8	06:03:23	06:04:55	92.0022211074829	0
250	200	7e-04	8	06:03:23	06:04:55	92.108167886734	0
100	200	7e-04	8	06:03:23	06:04:56	92.3999969959259	0
50	500	7e-04	8	06:04:57	06:06:25	88.2493839263916	0
100	500	7e-04	8	06:04:57	06:06:26	88.6961250305176	0
750	200	7e-04	8	06:04:57	06:06:26	89.4756970405579	0
1000	200	7e-04	8	06:04:57	06:06:27	90.1392939090729	0
1000	500	7e-04	8	06:06:28	06:07:56	87.4968199729919	0
750	500	7e-04	8	06:06:28	06:07:56	88.198401927948	0
500	500	7e-04	8	06:06:28	06:07:58	89.6855540275574	0
250	500	7e-04	8	06:06:28	06:07:58	89.7724938392639	0
500	10	8e-04	8	06:07:58	06:09:31	93.5933229923248	0
50	10	8e-04	8	06:07:58	06:09:32	94.1879689693451	0
100	10	8e-04	8	06:07:58	06:09:32	94.3119020462036	0
250	10	8e-04	8	06:07:58	06:09:33	94.8835699558258	0
750	10	8e-04	8	06:09:34	06:11:12	97.8148910999298	0
1000	10	8e-04	8	06:09:34	06:11:13	98.602499961853	0
100	20	8e-04	8	06:09:34	06:11:14	99.5539560317993	0
50	20	8e-04	8	06:09:34	06:11:14	99.769828081131	0
750	20	8e-04	8	06:11:14	06:12:54	100.068094968796	0
1000	20	8e-04	8	06:11:14	06:12:55	101.12948513031	0
250	20	8e-04	8	06:11:14	06:12:56	101.893047809601	0
500	20	8e-04	8	06:11:14	06:12:56	102.028966903687	0
250	50	8e-04	8	06:12:57	06:14:35	98.1217479705811	0
100	50	8e-04	8	06:12:57	06:14:36	99.5859019756317	0
50	50	8e-04	8	06:12:57	06:14:37	99.6248879432678	0
500	50	8e-04	8	06:12:57	06:14:37	99.9416990280151	0
1000	50	8e-04	8	06:14:37	06:16:12	94.7752711772919	0
750	50	8e-04	8	06:14:37	06:16:14	97.3573098182678	0
50	100	8e-04	8	06:14:37	06:16:15	98.0778949260712	0
100	100	8e-04	8	06:14:37	06:16:16	98.672550201416	0
1000	100	8e-04	8	06:16:16	06:17:54	97.7479319572449	0
500	100	8e-04	8	06:16:16	06:17:56	99.6698291301727	0
750	100	8e-04	8	06:16:16	06:17:56	99.8317310810089	0
250	100	8e-04	8	06:16:16	06:17:56	100.042608976364	0
500	200	8e-04	8	06:17:56	06:19:29	93.1945400238037	0
100	200	8e-04	8	06:17:56	06:19:30	93.4144229888916	0
250	200	8e-04	8	06:17:56	06:19:30	93.8671569824219	0
50	200	8e-04	8	06:17:56	06:19:31	94.4148559570312	0
100	500	8e-04	8	06:19:32	06:21:04	91.8443150520325	0
50	500	8e-04	8	06:19:32	06:21:04	92.3630170822144	0
1000	200	8e-04	8	06:19:32	06:21:06	93.6162958145142	0
750	200	8e-04	8	06:19:32	06:21:06	94.1385080814362	0
1000	500	8e-04	8	06:21:06	06:22:37	91.1694600582123	0
750	500	8e-04	8	06:21:06	06:22:38	91.5332469940186	0
500	500	8e-04	8	06:21:06	06:22:38	91.8510611057281	0
250	500	8e-04	8	06:21:06	06:22:38	91.9400091171265	0
250	10	9e-04	8	06:22:40	06:24:15	95.3333141803741	0
500	10	9e-04	8	06:22:40	06:24:16	95.9879360198975	0
50	10	9e-04	8	06:22:40	06:24:16	96.1068649291992	0
100	10	9e-04	8	06:22:40	06:24:16	96.1798260211945	0
1000	10	9e-04	8	06:24:16	06:25:49	93.3044838905334	0
750	10	9e-04	8	06:24:16	06:25:50	93.7192420959473	0
100	20	9e-04	8	06:24:16	06:25:51	95.0694649219513	0
50	20	9e-04	8	06:24:16	06:25:51	95.2693510055542	0
500	20	9e-04	8	06:25:52	06:27:27	95.7180960178375	0
1000	20	9e-04	8	06:25:52	06:27:27	95.7700650691986	0
750	20	9e-04	8	06:25:52	06:27:28	96.4386780261993	0
250	20	9e-04	8	06:25:52	06:27:29	97.0443520545959	0
500	50	9e-04	8	06:27:29	06:29:03	94.6936821937561	0
250	50	9e-04	8	06:27:29	06:29:04	95.058473110199	0
100	50	9e-04	8	06:27:29	06:29:04	95.3573009967804	0
50	50	9e-04	8	06:27:29	06:29:05	96.1288769245148	0
1000	50	9e-04	8	06:29:06	06:30:39	92.9396951198578	0
50	100	9e-04	8	06:29:06	06:30:40	93.8131868839264	0
750	50	9e-04	8	06:29:06	06:30:40	93.8521659374237	0
100	100	9e-04	8	06:29:06	06:30:41	94.7776319980621	0
500	100	9e-04	8	06:30:41	06:32:14	93.0746150016785	0
1000	100	9e-04	8	06:30:41	06:32:14	93.3374609947205	0
750	100	9e-04	8	06:30:41	06:32:15	93.7732150554657	0
250	100	9e-04	8	06:30:41	06:32:15	94.2339642047882	0
500	200	9e-04	8	06:32:17	06:33:48	91.7383599281311	0
100	200	9e-04	8	06:32:17	06:33:49	92.185112953186	0
50	200	9e-04	8	06:32:17	06:33:49	92.2380788326263	0
250	200	9e-04	8	06:32:17	06:33:49	92.8247530460358	0
100	500	9e-04	8	06:33:51	06:35:18	87.4128611087799	0
50	500	9e-04	8	06:33:51	06:35:20	89.0639140605927	0
1000	200	9e-04	8	06:33:51	06:35:20	89.0908970832825	0
750	200	9e-04	8	06:33:51	06:35:21	90.055340051651	0
1000	500	9e-04	8	06:35:21	06:36:47	86.6123170852661	0
250	500	9e-04	8	06:35:21	06:36:49	88.1284458637238	0
750	500	9e-04	8	06:35:21	06:36:50	88.6791310310364	0
500	500	9e-04	8	06:35:21	06:36:50	88.6961169242859	0
250	10	0.001	8	06:36:50	06:38:22	92.391998052597	0
50	10	0.001	8	06:36:50	06:38:23	92.551901102066	0
100	10	0.001	8	06:36:50	06:38:23	93.2974817752838	0
500	10	0.001	8	06:36:50	06:38:24	93.5523290634155	0
1000	10	0.001	8	06:38:25	06:39:57	91.8193378448486	0
750	10	0.001	8	06:38:25	06:39:57	91.831328868866	0
50	20	0.001	8	06:38:25	06:39:59	93.6872589588165	0
100	20	0.001	8	06:38:25	06:39:59	93.8431890010834	0
1000	20	0.001	8	06:39:59	06:41:33	93.7172420024872	0
250	20	0.001	8	06:39:59	06:41:33	94.4638171195984	0
750	20	0.001	8	06:39:59	06:41:34	95.1024520397186	0
500	20	0.001	8	06:39:59	06:41:34	95.3642988204956	0
250	50	0.001	8	06:41:35	06:43:10	94.4448311328888	0
500	50	0.001	8	06:41:35	06:43:11	95.2753438949585	0
100	50	0.001	8	06:41:35	06:43:11	95.9729449748993	0
50	50	0.001	8	06:41:35	06:43:11	96.10586810112	0
1000	50	0.001	8	06:43:13	06:44:44	90.891871213913	0
750	50	0.001	8	06:43:13	06:44:45	92.120157957077	0
100	100	0.001	8	06:43:13	06:44:46	93.241513967514	0
50	100	0.001	8	06:43:13	06:44:46	93.5463569164276	0
1000	100	0.001	8	06:44:47	06:46:19	91.7833528518677	0
750	100	0.001	8	06:44:47	06:46:19	92.6218700408936	0
500	100	0.001	8	06:44:47	06:46:20	93.0156509876251	0
250	100	0.001	8	06:44:47	06:46:20	93.6382880210876	0
500	200	0.001	8	06:46:21	06:47:51	89.7535181045532	0
100	200	0.001	8	06:46:21	06:47:52	90.9478390216827	0
50	200	0.001	8	06:46:21	06:47:52	91.2746469974518	0
250	200	0.001	8	06:46:21	06:47:53	91.6944029331207	0
50	500	0.001	8	06:47:54	06:49:22	88.2683699131012	0
100	500	0.001	8	06:47:54	06:49:22	88.278361082077	0
1000	200	0.001	8	06:47:54	06:49:23	89.3367559909821	0
750	200	0.001	8	06:47:54	06:49:24	90.1223049163818	0
1000	500	0.001	8	06:49:24	06:50:52	87.2609491348267	0
750	500	0.001	8	06:49:24	06:50:53	88.4492678642273	0
500	500	0.001	8	06:49:24	06:50:54	89.5346419811249	0
250	500	0.001	8	06:49:24	06:50:54	89.607595205307	0
500	10	-1	10	06:50:54	06:52:48	114.347394943237	7863333.33333333
250	10	-1	10	06:50:54	06:52:49	115.327847003937	7830000
50	10	-1	10	06:50:54	06:52:50	115.63364815712	8120000
100	10	-1	10	06:50:54	06:52:50	115.827542066574	8286666.66666667
1000	10	-1	10	06:52:51	06:54:49	117.622853040695	9316666.66666667
750	10	-1	10	06:52:51	06:54:49	117.960653066635	8416666.66666667
50	20	-1	10	06:52:51	06:54:51	119.756628036499	6400000
100	20	-1	10	06:52:51	06:54:51	120.320291996002	6723333.33333333
1000	20	-1	10	06:54:52	06:56:47	115.262873888016	8916666.66666667
750	20	-1	10	06:54:52	06:56:48	116.001454114914	8530000
500	20	-1	10	06:54:52	06:56:48	116.650094985962	8390000
250	20	-1	10	06:54:52	06:56:49	117.363669872284	9300000
500	50	-1	10	06:56:50	06:58:44	114.046576023102	8570000
250	50	-1	10	06:56:50	06:58:46	116.776000022888	8030000
50	50	-1	10	06:56:50	06:58:47	117.221743822098	7323333.33333333
100	50	-1	10	06:56:50	06:58:48	118.056280136108	7323333.33333333
1000	50	-1	10	06:58:48	07:00:41	113.093127965927	9620000
750	50	-1	10	06:58:48	07:00:41	113.247042894363	8813333.33333333
100	100	-1	10	06:58:48	07:00:44	115.392812013626	7896666.66666667
50	100	-1	10	06:58:48	07:00:44	115.878531932831	7896666.66666667
1000	100	-1	10	07:00:45	07:02:35	110.299728870392	9453333.33333333
750	100	-1	10	07:00:45	07:02:36	111.083266019821	7220000
500	100	-1	10	07:00:45	07:02:37	112.688366889954	7260000
250	100	-1	10	07:00:45	07:02:38	113.361971139908	6820000
500	200	-1	10	07:02:38	07:04:27	108.910530090332	7713333.33333333
50	200	-1	10	07:02:38	07:04:28	109.880971908569	7153333.33333333
250	200	-1	10	07:02:38	07:04:29	110.271753072739	7153333.33333333
100	200	-1	10	07:02:38	07:04:29	110.891391992569	7153333.33333333
100	500	-1	10	07:04:30	07:06:12	102.046460151672	9886666.66666667
50	500	-1	10	07:04:30	07:06:14	103.424671888351	9886666.66666667
1000	200	-1	10	07:04:30	07:06:15	105.126696109772	10020000
750	200	-1	10	07:04:30	07:06:16	106.083143949509	8310000
750	500	-1	10	07:06:16	07:07:58	101.55374789238	9886666.66666667
1000	500	-1	10	07:06:16	07:07:58	101.82759308815	9886666.66666667
250	500	-1	10	07:06:16	07:08:00	103.492635011673	9886666.66666667
500	500	-1	10	07:06:16	07:08:00	103.562597036362	9886666.66666667
250	10	0	10	07:08:00	07:09:53	113.262043952942	0
500	10	0	10	07:08:00	07:09:54	113.746757984161	0
100	10	0	10	07:08:00	07:09:54	113.787733078003	9110000
50	10	0	10	07:08:00	07:09:54	114.489346981049	9110000
750	10	0	10	07:09:55	07:11:47	112.130676031113	0
50	20	0	10	07:09:55	07:11:49	113.630825042725	0
1000	10	0	10	07:09:55	07:11:49	113.663802146912	0
100	20	0	10	07:09:55	07:11:49	113.840702056885	0
1000	20	0	10	07:11:49	07:13:42	113.036160945892	0
750	20	0	10	07:11:49	07:13:44	114.302430868149	0
250	20	0	10	07:11:49	07:13:44	114.721213817596	0
500	20	0	10	07:11:49	07:13:44	114.897071123123	0
500	50	0	10	07:13:44	07:15:33	108.777606964111	0
250	50	0	10	07:13:44	07:15:35	110.820442914963	0
100	50	0	10	07:13:44	07:15:36	111.518030881882	0
50	50	0	10	07:13:44	07:15:36	111.579996824265	0
750	50	0	10	07:15:37	07:17:26	109.050446987152	0
1000	50	0	10	07:15:37	07:17:27	109.338282108307	0
50	100	0	10	07:15:37	07:17:28	110.898390054703	0
100	100	0	10	07:15:37	07:17:28	111.025333166122	0
1000	100	0	10	07:17:28	07:19:17	108.69864988327	0
500	100	0	10	07:17:28	07:19:19	110.657524108887	0
750	100	0	10	07:17:28	07:19:19	110.689508914948	0
250	100	0	10	07:17:28	07:19:19	110.961344003677	0
500	200	0	10	07:19:20	07:21:03	103.53061413765	0
250	200	0	10	07:19:20	07:21:05	105.213651895523	0
50	200	0	10	07:19:20	07:21:06	105.749337911606	0
100	200	0	10	07:19:20	07:21:06	105.853266954422	0
100	500	0	10	07:21:07	07:22:44	97.3781452178955	0
50	500	0	10	07:21:07	07:22:45	97.7509329319	0
1000	200	0	10	07:21:07	07:22:49	101.832607030869	0
750	200	0	10	07:21:07	07:22:50	102.579159975052	0
750	500	0	10	07:22:50	07:24:26	96.0958609580994	0
1000	500	0	10	07:22:50	07:24:27	97.0962810516357	0
500	500	0	10	07:22:50	07:24:28	97.8368558883667	0
250	500	0	10	07:22:50	07:24:28	98.074746131897	0
500	10	1e-04	10	07:24:29	07:26:21	111.510042905807	0
250	10	1e-04	10	07:24:29	07:26:22	112.614403963089	0
50	10	1e-04	10	07:24:29	07:26:23	113.743757963181	9110000
100	10	1e-04	10	07:24:29	07:26:23	113.947651863098	9110000
1000	10	1e-04	10	07:26:23	07:28:15	111.282165050507	0
750	10	1e-04	10	07:26:23	07:28:15	111.52902007103	0
100	20	1e-04	10	07:26:23	07:28:16	112.759321928024	0
50	20	1e-04	10	07:26:23	07:28:16	113.110116958618	0
1000	20	1e-04	10	07:28:16	07:30:06	109.775018930435	0
750	20	1e-04	10	07:28:16	07:30:09	112.069720029831	0
250	20	1e-04	10	07:28:16	07:30:09	112.301578044891	0
500	20	1e-04	10	07:28:16	07:30:09	112.388511896133	0
500	50	1e-04	10	07:30:09	07:31:59	109.851985931396	0
250	50	1e-04	10	07:30:09	07:32:00	111.053298950195	0
100	50	1e-04	10	07:30:09	07:32:00	111.488048791885	0
50	50	1e-04	10	07:30:09	07:32:01	111.775882959366	0
1000	50	1e-04	10	07:32:02	07:33:49	107.248478889465	0
750	50	1e-04	10	07:32:02	07:33:50	107.964062929153	0
50	100	1e-04	10	07:32:02	07:33:52	109.842998027802	0
100	100	1e-04	10	07:32:02	07:33:52	110.437646150589	0
1000	100	1e-04	10	07:33:53	07:35:39	106.667818069458	0
750	100	1e-04	10	07:33:53	07:35:41	108.01704287529	0
500	100	1e-04	10	07:33:53	07:35:41	108.043032169342	0
250	100	1e-04	10	07:33:53	07:35:42	108.856563091278	0
500	200	1e-04	10	07:35:42	07:37:25	103.724515199661	0
250	200	1e-04	10	07:35:42	07:37:27	105.42552781105	0
100	200	1e-04	10	07:35:42	07:37:28	105.833284139633	0
50	200	1e-04	10	07:35:42	07:37:28	106.439960002899	0
50	500	1e-04	10	07:37:29	07:39:08	98.5974490642548	0
100	500	1e-04	10	07:37:29	07:39:08	98.9942119121552	0
1000	200	1e-04	10	07:37:29	07:39:11	101.831586837769	0
750	200	1e-04	10	07:37:29	07:39:12	102.783037900925	0
1000	500	1e-04	10	07:39:12	07:40:48	96.1778290271759	0
750	500	1e-04	10	07:39:12	07:40:49	97.1952438354492	0
500	500	1e-04	10	07:39:12	07:40:50	98.329598903656	0
250	500	1e-04	10	07:39:12	07:40:51	98.4965019226074	0
100	10	2e-04	10	07:40:51	07:42:45	114.303431987762	0
250	10	2e-04	10	07:40:51	07:42:45	114.388387918472	0
500	10	2e-04	10	07:40:51	07:42:45	114.452347993851	0
50	10	2e-04	10	07:40:51	07:42:45	114.573275089264	0
1000	10	2e-04	10	07:42:45	07:44:41	115.286879062653	0
750	10	2e-04	10	07:42:45	07:44:41	115.347842931747	0
50	20	2e-04	10	07:42:45	07:44:41	115.652664899826	0
100	20	2e-04	10	07:42:45	07:44:41	116.15837097168	0
1000	20	2e-04	10	07:44:43	07:46:34	111.106267929077	0
750	20	2e-04	10	07:44:43	07:46:36	113.364968061447	0
250	20	2e-04	10	07:44:43	07:46:37	114.217483043671	0
500	20	2e-04	10	07:44:42	07:46:37	114.300435066223	0
500	50	2e-04	10	07:46:37	07:48:28	110.476624011993	0
250	50	2e-04	10	07:46:37	07:48:29	111.502040863037	0
50	50	2e-04	10	07:46:37	07:48:29	112.095696926117	0
100	50	2e-04	10	07:46:37	07:48:29	112.267598867416	0
1000	50	2e-04	10	07:48:31	07:50:18	107.217479944229	0
750	50	2e-04	10	07:48:31	07:50:19	108.708623886108	0
50	100	2e-04	10	07:48:31	07:50:21	110.045884847641	0
100	100	2e-04	10	07:48:31	07:50:21	110.269744157791	0
1000	100	2e-04	10	07:50:21	07:52:09	108.440792798996	0
750	100	2e-04	10	07:50:21	07:52:11	110.113830089569	0
500	100	2e-04	10	07:50:21	07:52:11	110.602555990219	0
250	100	2e-04	10	07:50:21	07:52:12	111.129252910614	0
500	200	2e-04	10	07:52:12	07:53:58	105.452510118484	0
50	200	2e-04	10	07:52:12	07:53:58	105.822299003601	0
250	200	2e-04	10	07:52:12	07:53:58	106.2260658741	0
100	200	2e-04	10	07:52:12	07:53:59	106.764750957489	0
50	500	2e-04	10	07:54:00	07:55:37	97.0393440723419	0
100	500	2e-04	10	07:54:00	07:55:39	98.3186008930206	0
1000	200	2e-04	10	07:54:00	07:55:42	101.798606872559	0
750	200	2e-04	10	07:54:00	07:55:42	101.966514110565	0
750	500	2e-04	10	07:55:42	07:57:19	96.3607189655304	0
1000	500	2e-04	10	07:55:42	07:57:19	96.9663779735565	0
250	500	2e-04	10	07:55:42	07:57:20	97.5880200862885	0
500	500	2e-04	10	07:55:42	07:57:20	98.0277700424194	0
500	10	3e-04	10	07:57:22	07:59:14	112.088711023331	0
250	10	3e-04	10	07:57:22	07:59:14	112.805289030075	0
50	10	3e-04	10	07:57:22	07:59:16	114.150527000427	0
100	10	3e-04	10	07:57:22	07:59:16	114.503313064575	0
1000	10	3e-04	10	07:59:17	08:01:11	114.27245092392	0
750	10	3e-04	10	07:59:17	08:01:12	114.924078941345	0
100	20	3e-04	10	07:59:17	08:01:13	115.908514022827	0
50	20	3e-04	10	07:59:17	08:01:13	116.179360866547	0
1000	20	3e-04	10	08:01:13	08:03:03	110.14181303978	0
750	20	3e-04	10	08:01:13	08:03:04	111.480060100555	0
500	20	3e-04	10	08:01:13	08:03:06	113.1990711689	0
250	20	3e-04	10	08:01:13	08:03:06	113.201070070267	0
500	50	3e-04	10	08:03:06	08:04:56	110.098844051361	0
250	50	3e-04	10	08:03:06	08:04:57	111.300158023834	0
100	50	3e-04	10	08:03:06	08:04:58	111.569003105164	0
50	50	3e-04	10	08:03:06	08:04:58	112.38453412056	0
1000	50	3e-04	10	08:04:59	08:06:46	107.138547897339	0
750	50	3e-04	10	08:04:59	08:06:48	108.938517093658	0
100	100	3e-04	10	08:04:59	08:06:49	110.3397128582	0
50	100	3e-04	10	08:04:59	08:06:49	110.504626989365	0
1000	100	3e-04	10	08:06:50	08:08:38	108.067003965378	0
750	100	3e-04	10	08:06:50	08:08:39	109.578124046326	0
500	100	3e-04	10	08:06:50	08:08:40	110.001885890961	0
250	100	3e-04	10	08:06:50	08:08:41	110.986315011978	0
50	200	3e-04	10	08:08:41	08:10:25	104.159255981445	0
500	200	3e-04	10	08:08:41	08:10:26	104.803884029388	0
250	200	3e-04	10	08:08:41	08:10:26	105.431524038315	0
100	200	3e-04	10	08:08:41	08:10:27	106.112128973007	0
50	500	3e-04	10	08:10:28	08:12:04	96.6905357837677	0
100	500	3e-04	10	08:10:28	08:12:05	97.6609780788422	0
1000	200	3e-04	10	08:10:28	08:12:09	101.552747011185	0
750	200	3e-04	10	08:10:28	08:12:10	101.919533967972	0
750	500	3e-04	10	08:12:11	08:13:47	96.5376329421997	0
1000	500	3e-04	10	08:12:11	08:13:47	96.8964200019836	0
500	500	3e-04	10	08:12:11	08:13:48	97.4940791130066	0
250	500	3e-04	10	08:12:11	08:13:48	97.9098398685455	0
500	10	4e-04	10	08:13:50	08:15:44	113.914660215378	0
250	10	4e-04	10	08:13:50	08:15:44	114.021598100662	0
100	10	4e-04	10	08:13:50	08:15:44	114.752176046371	0
50	10	4e-04	10	08:13:50	08:15:45	115.41180896759	0
1000	10	4e-04	10	08:15:46	08:17:38	112.742324829102	0
750	10	4e-04	10	08:15:45	08:17:39	113.926650047302	0
100	20	4e-04	10	08:15:46	08:17:40	114.666214942932	0
50	20	4e-04	10	08:15:46	08:17:40	114.865104913712	0
1000	20	4e-04	10	08:17:41	08:19:32	111.259177923203	0
750	20	4e-04	10	08:17:41	08:19:34	113.493898153305	0
250	20	4e-04	10	08:17:41	08:19:35	113.982612133026	0
500	20	4e-04	10	08:17:41	08:19:35	114.203487157822	0
500	50	4e-04	10	08:19:36	08:21:27	110.817434072495	0
250	50	4e-04	10	08:19:36	08:21:28	112.081707000732	0
100	50	4e-04	10	08:19:36	08:21:29	113.242046833038	0
50	50	4e-04	10	08:19:36	08:21:30	113.562860012054	0
1000	50	4e-04	10	08:21:30	08:23:18	108.169950962067	0
750	50	4e-04	10	08:21:30	08:23:19	109.318291902542	0
100	100	4e-04	10	08:21:30	08:23:20	110.905378103256	0
50	100	4e-04	10	08:21:30	08:23:21	111.021314144135	0
1000	100	4e-04	10	08:23:21	08:25:09	108.462767124176	0
750	100	4e-04	10	08:23:21	08:25:10	109.236335992813	0
500	100	4e-04	10	08:23:21	08:25:11	110.401671886444	0
250	100	4e-04	10	08:23:21	08:25:12	111.120257139206	0
100	200	4e-04	10	08:25:12	08:27:03	110.418664932251	0
500	200	4e-04	10	08:25:12	08:27:03	110.61155295372	0
250	200	4e-04	10	08:25:12	08:27:03	110.833425045013	0
50	200	4e-04	10	08:25:12	08:27:04	111.857837915421	0
50	500	4e-04	10	08:27:05	08:28:43	97.9877951145172	0
100	500	4e-04	10	08:27:05	08:28:43	98.0917401313782	0
1000	200	4e-04	10	08:27:05	08:28:47	102.106434106827	0
750	200	4e-04	10	08:27:05	08:28:47	102.333317041397	0
1000	500	4e-04	10	08:28:47	08:30:25	97.417121887207	0
750	500	4e-04	10	08:28:47	08:30:25	97.7319419384003	0
250	500	4e-04	10	08:28:47	08:30:26	98.9172608852386	0
500	500	4e-04	10	08:28:47	08:30:26	99.2020959854126	0
250	10	5e-04	10	08:30:26	08:32:21	114.283442974091	0
500	10	5e-04	10	08:30:26	08:32:21	114.383388996124	0
100	10	5e-04	10	08:30:26	08:32:21	114.694231987	0
50	10	5e-04	10	08:30:26	08:32:21	114.877109050751	0
100	20	5e-04	10	08:32:23	08:34:15	112.048734903336	0
1000	10	5e-04	10	08:32:23	08:34:15	112.61140704155	0
750	10	5e-04	10	08:32:23	08:34:16	113.220059156418	0
50	20	5e-04	10	08:32:23	08:34:17	113.89067196846	0
750	20	5e-04	10	08:34:17	08:36:09	111.65895318985	0
1000	20	5e-04	10	08:34:17	08:36:09	112.080709218979	0
500	20	5e-04	10	08:34:17	08:36:10	112.906235218048	0
250	20	5e-04	10	08:34:17	08:36:11	113.841694831848	0
500	50	5e-04	10	08:36:11	08:38:03	111.299144029617	0
250	50	5e-04	10	08:36:11	08:38:03	111.896800041199	0
50	50	5e-04	10	08:36:11	08:38:04	112.33654999733	0
100	50	5e-04	10	08:36:11	08:38:05	113.250035047531	0
1000	50	5e-04	10	08:38:05	08:39:55	109.832002162933	0
750	50	5e-04	10	08:38:05	08:39:55	109.842968940735	0
100	100	5e-04	10	08:38:05	08:39:56	111.384090900421	0
50	100	5e-04	10	08:38:05	08:39:57	111.557991027832	0
1000	100	5e-04	10	08:39:57	08:41:44	107.662233114243	0
750	100	5e-04	10	08:39:57	08:41:45	108.906523942947	0
500	100	5e-04	10	08:39:57	08:41:47	109.932950019836	0
250	100	5e-04	10	08:39:57	08:41:47	110.221783876419	0
500	200	5e-04	10	08:41:47	08:43:31	104.558028936386	0
250	200	5e-04	10	08:41:47	08:43:32	105.019762992859	0
100	200	5e-04	10	08:41:47	08:43:32	105.250627040863	0
50	200	5e-04	10	08:41:47	08:43:33	105.941231012344	0
50	500	5e-04	10	08:43:34	08:45:12	97.3811450004578	0
100	500	5e-04	10	08:43:34	08:45:12	98.2836151123047	0
1000	200	5e-04	10	08:43:34	08:45:16	102.227364063263	0
750	200	5e-04	10	08:43:34	08:45:17	102.407255887985	0
1000	500	5e-04	10	08:45:17	08:46:53	96.6235771179199	0
750	500	5e-04	10	08:45:17	08:46:54	97.1183001995087	0
250	500	5e-04	10	08:45:17	08:46:54	97.7329468727112	0
500	500	5e-04	10	08:45:17	08:46:55	98.3625979423523	0
100	10	6e-04	10	08:46:55	08:48:50	114.34840798378	0
500	10	6e-04	10	08:46:55	08:48:50	114.836125850677	0
250	10	6e-04	10	08:46:55	08:48:50	115.013026952744	0
50	10	6e-04	10	08:46:55	08:48:51	115.130954027176	0
750	10	6e-04	10	08:48:52	08:50:44	112.104699134827	0
1000	10	6e-04	10	08:48:52	08:50:44	112.384536027908	0
100	20	6e-04	10	08:48:52	08:50:46	114.186499834061	0
50	20	6e-04	10	08:48:52	08:50:46	114.406374931335	0
1000	20	6e-04	10	08:50:46	08:52:39	112.921228170395	0
750	20	6e-04	10	08:50:46	08:52:40	113.365968942642	0
500	20	6e-04	10	08:50:46	08:52:40	114.115542888641	0
250	20	6e-04	10	08:50:46	08:52:41	114.75118303299	0
500	50	6e-04	10	08:52:42	08:54:33	110.458645105362	0
100	50	6e-04	10	08:52:42	08:54:35	112.708350896835	0
50	50	6e-04	10	08:52:42	08:54:35	112.772310972214	0
250	50	6e-04	10	08:52:42	08:54:35	112.926241874695	0
1000	50	6e-04	10	08:54:35	08:56:24	108.809563159943	0
750	50	6e-04	10	08:54:35	08:56:24	108.851547956467	0
100	100	6e-04	10	08:54:35	08:56:26	110.465641975403	0
50	100	6e-04	10	08:54:35	08:56:26	110.810426950455	0
1000	100	6e-04	10	08:56:26	08:58:15	108.924523830414	0
750	100	6e-04	10	08:56:26	08:58:16	110.45364689827	0
500	100	6e-04	10	08:56:26	08:58:17	111.279164791107	0
250	100	6e-04	10	08:56:26	08:58:18	111.862832069397	0
500	200	6e-04	10	08:58:18	09:00:04	105.483490943909	0
250	200	6e-04	10	08:58:18	09:00:06	107.256476163864	0
50	200	6e-04	10	08:58:18	09:00:06	107.638256788254	0
100	200	6e-04	10	08:58:18	09:00:06	107.838140964508	0
50	500	6e-04	10	09:00:08	09:01:44	96.9264051914215	0
100	500	6e-04	10	09:00:08	09:01:45	97.5900008678436	0
1000	200	6e-04	10	09:00:08	09:01:49	101.632682085037	0
750	200	6e-04	10	09:00:08	09:01:50	102.544158935547	0
1000	500	6e-04	10	09:01:50	09:03:26	96.2038149833679	0
750	500	6e-04	10	09:01:50	09:03:27	97.150269985199	0
250	500	6e-04	10	09:01:50	09:03:28	97.7049639225006	0
500	500	6e-04	10	09:01:50	09:03:28	97.7669198513031	0
250	10	7e-04	10	09:03:29	09:05:22	112.863251924515	0
500	10	7e-04	10	09:03:29	09:05:22	113.191075086594	0
100	10	7e-04	10	09:03:29	09:05:23	113.851675033569	0
50	10	7e-04	10	09:03:29	09:05:24	114.233458995819	0
1000	10	7e-04	10	09:05:25	09:07:16	111.060292005539	0
100	20	7e-04	10	09:05:25	09:07:18	112.915224075317	0
750	10	7e-04	10	09:05:25	09:07:18	112.955200910568	0
50	20	7e-04	10	09:05:25	09:07:18	113.302008867264	0
1000	20	7e-04	10	09:07:19	09:09:08	109.042434930801	0
500	20	7e-04	10	09:07:19	09:09:11	111.392107963562	0
750	20	7e-04	10	09:07:19	09:09:11	111.731893062592	0
250	20	7e-04	10	09:07:19	09:09:11	111.95376086235	0
500	50	7e-04	10	09:09:13	09:11:04	111.206191062927	0
250	50	7e-04	10	09:09:13	09:11:05	112.134682893753	0
100	50	7e-04	10	09:09:13	09:11:05	112.772310018539	0
50	50	7e-04	10	09:09:13	09:11:06	113.341961860657	0
1000	50	7e-04	10	09:11:06	09:12:52	105.668392896652	0
750	50	7e-04	10	09:11:06	09:12:53	107.12854886055	0
100	100	7e-04	10	09:11:06	09:12:54	108.229923009872	0
50	100	7e-04	10	09:11:06	09:12:54	108.371834993362	0
750	100	7e-04	10	09:12:55	09:14:42	107.203508853912	0
1000	100	7e-04	10	09:12:55	09:14:42	107.249478816986	0
250	100	7e-04	10	09:12:55	09:14:43	108.624693870544	0
500	100	7e-04	10	09:12:55	09:14:43	108.805598974228	0
500	200	7e-04	10	09:14:43	09:16:24	100.686232089996	0
250	200	7e-04	10	09:14:43	09:16:24	101.013058900833	0
50	200	7e-04	10	09:14:43	09:16:25	101.832587003708	0
100	200	7e-04	10	09:14:43	09:16:26	102.129416942596	0
100	500	7e-04	10	09:16:27	09:17:57	90.4621050357819	0
50	500	7e-04	10	09:16:27	09:17:57	90.4741070270538	0
750	200	7e-04	10	09:16:27	09:18:04	97.3281679153442	0
1000	200	7e-04	10	09:16:27	09:18:04	97.3361718654633	0
750	500	7e-04	10	09:18:04	09:19:35	90.6979730129242	0
1000	500	7e-04	10	09:18:04	09:19:35	91.1696979999542	0
250	500	7e-04	10	09:18:04	09:19:36	92.3090488910675	0
500	500	7e-04	10	09:18:04	09:19:36	92.3480260372162	0
250	10	8e-04	10	09:19:37	09:21:29	111.853840112686	0
500	10	8e-04	10	09:19:37	09:21:30	112.794297933578	0
100	10	8e-04	10	09:19:37	09:21:30	113.093131065369	0
50	10	8e-04	10	09:19:37	09:21:30	113.37196803093	0
50	20	8e-04	10	09:21:31	09:23:23	111.921804904938	0
750	10	8e-04	10	09:21:31	09:23:24	112.696360111237	0
100	20	8e-04	10	09:21:31	09:23:24	112.825282812119	0
1000	10	8e-04	10	09:21:31	09:23:25	113.290017127991	0
1000	20	8e-04	10	09:23:26	09:25:16	110.066864967346	0
750	20	8e-04	10	09:23:26	09:25:16	110.600562095642	0
500	20	8e-04	10	09:23:26	09:25:17	111.850841999054	0
250	20	8e-04	10	09:23:26	09:25:18	112.28359413147	0
500	50	8e-04	10	09:25:18	09:27:06	108.416815042496	0
250	50	8e-04	10	09:25:18	09:27:08	109.771039962769	0
50	50	8e-04	10	09:25:18	09:27:08	110.321715831757	0
100	50	8e-04	10	09:25:18	09:27:08	110.480626821518	0
1000	50	8e-04	10	09:27:10	09:28:57	107.059583902359	0
750	50	8e-04	10	09:27:10	09:28:57	107.820143938065	0
50	100	8e-04	10	09:27:10	09:28:58	108.875552892685	0
100	100	8e-04	10	09:27:10	09:28:59	109.692073106766	0
750	100	8e-04	10	09:29:00	09:30:47	107.123563051224	0
1000	100	8e-04	10	09:29:00	09:30:47	107.258477926254	0
500	100	8e-04	10	09:29:00	09:30:49	108.848579883575	0
250	100	8e-04	10	09:29:00	09:30:49	109.056442022324	0
500	200	8e-04	10	09:30:50	09:32:31	101.06201505661	0
250	200	8e-04	10	09:30:50	09:32:31	101.544758081436	0
50	200	8e-04	10	09:30:50	09:32:33	102.821006059647	0
100	200	8e-04	10	09:30:50	09:32:33	102.914966821671	0
50	500	8e-04	10	09:32:33	09:34:04	91.4175620079041	0
100	500	8e-04	10	09:32:33	09:34:06	93.0526270866394	0
1000	200	8e-04	10	09:32:33	09:34:11	98.4925060272217	0
750	200	8e-04	10	09:32:33	09:34:12	99.3939971923828	0
1000	500	8e-04	10	09:34:13	09:35:43	90.1592700481415	0
750	500	8e-04	10	09:34:13	09:35:44	91.0107979774475	0
250	500	8e-04	10	09:34:13	09:35:44	91.639438867569	0
500	500	8e-04	10	09:34:13	09:35:44	91.7833321094513	0
50	10	9e-04	10	09:35:45	09:37:37	112.11268901825	0
100	10	9e-04	10	09:35:45	09:37:38	113.30300617218	0
500	10	9e-04	10	09:35:45	09:37:39	113.716760873795	0
250	10	9e-04	10	09:35:45	09:37:39	113.720764160156	0
1000	10	9e-04	10	09:37:39	09:39:31	111.771888017654	0
50	20	9e-04	10	09:37:39	09:39:32	112.557437896729	0
100	20	9e-04	10	09:37:39	09:39:32	113.281024932861	0
750	10	9e-04	10	09:37:39	09:39:33	113.512892007828	0
1000	20	9e-04	10	09:39:34	09:41:24	109.80401301384	0
750	20	9e-04	10	09:39:34	09:41:24	110.544584989548	0
500	20	9e-04	10	09:39:34	09:41:26	111.839843988419	0
250	20	9e-04	10	09:39:34	09:41:26	112.067712783813	0
500	50	9e-04	10	09:41:26	09:43:14	108.175939083099	0
100	50	9e-04	10	09:41:26	09:43:16	109.755028009415	0
250	50	9e-04	10	09:41:26	09:43:16	109.775023937225	0
50	50	9e-04	10	09:41:26	09:43:16	110.104821920395	0
1000	50	9e-04	10	09:43:16	09:45:03	107.016616106033	0
750	50	9e-04	10	09:43:16	09:45:04	107.648244857788	0
50	100	9e-04	10	09:43:16	09:45:05	108.492758989334	0
100	100	9e-04	10	09:43:16	09:45:05	108.681655168533	0
1000	100	9e-04	10	09:45:05	09:46:50	105.303600072861	0
750	100	9e-04	10	09:45:05	09:46:50	105.367556095123	0
500	100	9e-04	10	09:45:05	09:46:51	105.903254032135	0
250	100	9e-04	10	09:45:05	09:46:51	106.475919961929	0
500	200	9e-04	10	09:46:51	09:48:33	101.240926980972	0
250	200	9e-04	10	09:46:51	09:48:33	101.936526060104	0
50	200	9e-04	10	09:46:51	09:48:34	102.467223882675	0
100	200	9e-04	10	09:46:51	09:48:34	102.693111181259	0
100	500	9e-04	10	09:48:35	09:50:06	91.0517749786377	0
50	500	9e-04	10	09:48:35	09:50:06	91.4365530014038	0
1000	200	9e-04	10	09:48:35	09:50:12	97.3631551265717	0
750	200	9e-04	10	09:48:35	09:50:13	98.1706891059875	0
750	500	9e-04	10	09:50:13	09:51:43	89.5656278133392	0
1000	500	9e-04	10	09:50:13	09:51:43	90.025358915329	0
250	500	9e-04	10	09:50:13	09:51:44	91.0237917900085	0
500	500	9e-04	10	09:50:13	09:51:44	91.3296120166779	0
250	10	0.001	10	09:51:45	09:53:38	112.026739120483	0
50	10	0.001	10	09:51:45	09:53:39	113.059154987335	0
100	10	0.001	10	09:51:45	09:53:39	113.087126970291	0
500	10	0.001	10	09:51:45	09:53:39	113.222052097321	0
1000	10	0.001	10	09:53:39	09:55:30	111.590984106064	0
100	20	0.001	10	09:53:39	09:55:32	112.732336044312	0
750	10	0.001	10	09:53:39	09:55:32	112.973197937012	0
50	20	0.001	10	09:53:39	09:55:32	113.091125965118	0
1000	20	0.001	10	09:55:32	09:57:21	109.497190952301	0
750	20	0.001	10	09:55:32	09:57:23	110.74747300148	0
250	20	0.001	10	09:55:32	09:57:23	111.517034053802	0
500	20	0.001	10	09:55:32	09:57:24	111.733901977539	0
500	50	0.001	10	09:57:24	09:59:12	108.403822898865	0
50	50	0.001	10	09:57:24	09:59:13	109.220350980759	0
250	50	0.001	10	09:57:24	09:59:14	110.007899045944	0
100	50	0.001	10	09:57:24	09:59:14	110.616557836533	0
1000	50	0.001	10	09:59:14	10:01:01	106.488914966583	0
750	50	0.001	10	09:59:14	10:01:02	107.38938999176	0
50	100	0.001	10	09:59:14	10:01:03	108.993489027023	0
100	100	0.001	10	09:59:14	10:01:04	109.166393041611	0
1000	100	0.001	10	10:01:04	10:02:50	106.075155973434	0
750	100	0.001	10	10:01:04	10:02:50	106.51590514183	0
500	100	0.001	10	10:01:04	10:02:51	107.824148893356	0
250	100	0.001	10	10:01:04	10:02:52	108.167953968048	0
500	200	0.001	10	10:02:52	10:04:33	100.764204025269	0
250	200	0.001	10	10:02:52	10:04:34	102.485213041306	0
100	200	0.001	10	10:02:52	10:04:34	102.540177106857	0
50	200	0.001	10	10:02:52	10:04:35	102.926959991455	0
50	500	0.001	10	10:04:35	10:06:06	91.2046620845795	0
100	500	0.001	10	10:04:35	10:06:07	91.8473160266876	0
750	200	0.001	10	10:04:35	10:06:13	97.7929251194	0
1000	200	0.001	10	10:04:35	10:06:13	98.1856889724731	0
1000	500	0.001	10	10:06:14	10:07:43	89.750510931015	0
750	500	0.001	10	10:06:14	10:07:45	91.1766800880432	0
250	500	0.001	10	10:06:14	10:07:45	91.2696259021759	0
500	500	0.001	10	10:06:14	10:07:45	91.6604239940643	0
