min_split	min_bucket	cp	max_depth	seg	ganancia_promedio
10	5	-1	4	27.47	9026000
10	5	-1	6	38.64	10010000
10	5	-1	8	51.42	10066000
10	5	-1	10	60.7	9414000
10	5	-1	15	83.78	6522667
10	5	-1	20	98.77	2872000
10	5	0	4	27.31	3429333
10	5	0	6	38.64	8243333
10	5	0	8	45.77	8323333
10	5	0	10	56.35	9804000
10	5	0	15	79.46	9522000
10	5	0	20	89.5	7843333
10	5	0.01	4	25.5	0
10	5	0.01	6	31.26	0
10	5	0.01	8	37.58	0
10	5	0.01	10	42.24	0
10	5	0.01	15	46.95	0
10	5	0.01	20	46.56	0
10	5	0.02	4	26.18	0
10	5	0.02	6	30.85	0
10	5	0.02	8	34.02	0
10	5	0.02	10	34.15	0
10	5	0.02	15	34.29	0
10	5	0.02	20	34.46	0
10	5	0.03	4	24.07	0
10	5	0.03	6	29.09	0
10	5	0.03	8	29.42	0
10	5	0.03	10	29.46	0
10	5	0.03	15	31	0
10	5	0.03	20	31.28	0
10	5	0.04	4	24.24	0
10	5	0.04	6	25.61	0
10	5	0.04	8	26.01	0
10	5	0.04	10	28.03	0
10	5	0.04	15	27.4	0
10	5	0.04	20	27.31	0
10	5	0.05	4	23.24	0
10	5	0.05	6	24.26	0
10	5	0.05	8	23.93	0
10	5	0.05	10	24.91	0
10	5	0.05	15	24.27	0
10	5	0.05	20	25.77	0
10	5	0.06	4	22.95	0
10	5	0.06	6	23.72	0
10	5	0.06	8	24.57	0
10	5	0.06	10	22.85	0
10	5	0.06	15	22.84	0
10	5	0.06	20	23.81	0
10	5	0.07	4	20.42	0
10	5	0.07	6	20.68	0
10	5	0.07	8	20.87	0
10	5	0.07	10	21.21	0
10	5	0.07	15	21.15	0
10	5	0.07	20	21.56	0
10	5	0.08	4	20.53	0
10	5	0.08	6	21.03	0
10	5	0.08	8	20.56	0
10	5	0.08	10	20.73	0
10	5	0.08	15	20.39	0
10	5	0.08	20	20.85	0
10	5	0.09	4	19.45	0
10	5	0.09	6	20.85	0
10	5	0.09	8	19.75	0
10	5	0.09	10	19.15	0
10	5	0.09	15	20.11	0
10	5	0.09	20	20.61	0
10	5	0.1	4	18.1	0
10	5	0.1	6	17.48	0
10	5	0.1	8	17.81	0
10	5	0.1	10	20.68	0
10	5	0.1	15	18.24	0
10	5	0.1	20	17.77	0
10	5	0.15	4	15.63	0
10	5	0.15	6	15.64	0
10	5	0.15	8	15.15	0
10	5	0.15	10	15.5	0
10	5	0.15	15	15.05	0
10	5	0.15	20	15.61	0
25	5	-1	4	24.72	9016000
25	5	-1	6	34.98	9987333
25	5	-1	8	45.94	10053333
25	5	-1	10	56.07	9496667
25	5	-1	15	78.55	6648667
25	5	-1	20	90.29	3444667
25	5	0	4	24.4	1524667
25	5	0	6	43.94	2845333
25	5	0	8	52.16	4556667
25	5	0	10	58.79	8644000
25	5	0	15	76.54	9486000
25	5	0	20	87.81	9340000
25	5	0.01	4	24.09	0
25	5	0.01	6	31.65	0
25	5	0.01	8	36.51	0
25	5	0.01	10	40.19	0
25	5	0.01	15	44.28	0
25	5	0.01	20	44.13	0
25	5	0.02	4	24.62	0
25	5	0.02	6	30.63	0
25	5	0.02	8	33.94	0
25	5	0.02	10	34.21	0
25	5	0.02	15	34.93	0
25	5	0.02	20	37.3	0
25	5	0.03	4	24.22	0
25	5	0.03	6	29.47	0
25	5	0.03	8	29.82	0
25	5	0.03	10	30.09	0
25	5	0.03	15	30.24	0
25	5	0.03	20	30.12	0
25	5	0.04	4	24.16	0
25	5	0.04	6	26.36	0
25	5	0.04	8	28.04	0
25	5	0.04	10	28.61	0
25	5	0.04	15	28.21	0
25	5	0.04	20	28.33	0
25	5	0.05	4	25.19	0
25	5	0.05	6	25.78	0
25	5	0.05	8	27.6	0
25	5	0.05	10	26.12	0
25	5	0.05	15	27.06	0
25	5	0.05	20	25.76	0
25	5	0.06	4	23.21	0
25	5	0.06	6	25	0
25	5	0.06	8	24.48	0
25	5	0.06	10	24.82	0
25	5	0.06	15	24.12	0
25	5	0.06	20	23.19	0
25	5	0.07	4	20.85	0
25	5	0.07	6	21.67	0
25	5	0.07	8	23.56	0
25	5	0.07	10	23.07	0
25	5	0.07	15	21.91	0
25	5	0.07	20	21.34	0
25	5	0.08	4	20.95	0
25	5	0.08	6	21.6	0
25	5	0.08	8	21.62	0
25	5	0.08	10	22.27	0
25	5	0.08	15	20.8	0
25	5	0.08	20	21.48	0
25	5	0.09	4	20.84	0
25	5	0.09	6	22.33	0
25	5	0.09	8	21.03	0
25	5	0.09	10	21.14	0
25	5	0.09	15	20.96	0
25	5	0.09	20	21.07	0
25	5	0.1	4	18.46	0
25	5	0.1	6	18.77	0
25	5	0.1	8	19.53	0
25	5	0.1	10	18.94	0
25	5	0.1	15	18.74	0
25	5	0.1	20	20.14	0
25	5	0.15	4	17.06	0
25	5	0.15	6	17.48	0
25	5	0.15	8	16.99	0
25	5	0.15	10	16.78	0
25	5	0.15	15	16.41	0
25	5	0.15	20	16.5	0
25	12	-1	4	26.3	8947333
25	12	-1	6	37.33	10184000
25	12	-1	8	48.36	9520667
25	12	-1	10	58.71	8284000
25	12	-1	15	77.21	5219333
25	12	-1	20	89.54	3468000
25	12	0	4	26.88	0
25	12	0	6	41.63	0
25	12	0	8	53.57	0
25	12	0	10	69.92	4712667
25	12	0	15	93.16	9411333
25	12	0	20	98.6	9394667
25	12	0.01	4	28.35	0
25	12	0.01	6	35.96	0
25	12	0.01	8	40.91	0
25	12	0.01	10	43.73	0
25	12	0.01	15	45.34	0
25	12	0.01	20	45.37	0
25	12	0.02	4	27.86	0
25	12	0.02	6	34.23	0
25	12	0.02	8	37.19	0
25	12	0.02	10	36.92	0
25	12	0.02	15	36.7	0
25	12	0.02	20	37.85	0
25	12	0.03	4	28.46	0
25	12	0.03	6	32.81	0
25	12	0.03	8	32.91	0
25	12	0.03	10	32.97	0
25	12	0.03	15	33.49	0
25	12	0.03	20	32.85	0
25	12	0.04	4	28.41	0
25	12	0.04	6	30.25	0
25	12	0.04	8	30.03	0
25	12	0.04	10	30.88	0
25	12	0.04	15	30.1	0
25	12	0.04	20	30.78	0
25	12	0.05	4	28.44	0
25	12	0.05	6	29.19	0
25	12	0.05	8	28.76	0
25	12	0.05	10	29.2	0
25	12	0.05	15	28.86	0
25	12	0.05	20	29.55	0
25	12	0.06	4	25.54	0
25	12	0.06	6	26.38	0
25	12	0.06	8	26.45	0
25	12	0.06	10	27.13	0
25	12	0.06	15	26.13	0
25	12	0.06	20	26.15	0
25	12	0.07	4	24.12	0
25	12	0.07	6	24.49	0
25	12	0.07	8	24.75	0
25	12	0.07	10	24.45	0
25	12	0.07	15	25.28	0
25	12	0.07	20	24.53	0
25	12	0.08	4	23.73	0
25	12	0.08	6	23.91	0
25	12	0.08	8	23.82	0
25	12	0.08	10	24.36	0
25	12	0.08	15	23.93	0
25	12	0.08	20	24.01	0
25	12	0.09	4	22.76	0
25	12	0.09	6	23.16	0
25	12	0.09	8	22.9	0
25	12	0.09	10	22.55	0
25	12	0.09	15	22.96	0
25	12	0.09	20	23.43	0
25	12	0.1	4	20.96	0
25	12	0.1	6	20.88	0
25	12	0.1	8	21.54	0
25	12	0.1	10	21.24	0
25	12	0.1	15	20.34	0
25	12	0.1	20	21.37	0
25	12	0.15	4	17.92	0
25	12	0.15	6	18.3	0
25	12	0.15	8	18.5	0
25	12	0.15	10	18.14	0
25	12	0.15	15	18.45	0
25	12	0.15	20	18.17	0
50	5	-1	4	29.18	9016000
50	5	-1	6	40.16	10010000
50	5	-1	8	52.05	10088000
50	5	-1	10	63.78	9521333
50	5	-1	15	88.42	6911333
50	5	-1	20	104.05	4101333
50	5	0	4	27.73	0
50	5	0	6	39.43	1282000
50	5	0	8	52.45	4610667
50	5	0	10	63.28	8697333
50	5	0	15	87.64	8930000
50	5	0	20	100.06	8776000
50	5	0.01	4	27.22	0
50	5	0.01	6	36.44	0
50	5	0.01	8	41.88	0
50	5	0.01	10	46.85	0
50	5	0.01	15	49.31	0
50	5	0.01	20	50.3	0
50	5	0.02	4	27.98	0
50	5	0.02	6	35.26	0
50	5	0.02	8	39.13	0
50	5	0.02	10	40.58	0
50	5	0.02	15	40.92	0
50	5	0.02	20	40.51	0
50	5	0.03	4	28.44	0
50	5	0.03	6	34.35	0
50	5	0.03	8	34.83	0
50	5	0.03	10	34.37	0
50	5	0.03	15	35.48	0
50	5	0.03	20	35.26	0
50	5	0.04	4	28.43	0
50	5	0.04	6	30.64	0
50	5	0.04	8	30.98	0
50	5	0.04	10	30.59	0
50	5	0.04	15	31.82	0
50	5	0.04	20	32.52	0
50	5	0.05	4	27.66	0
50	5	0.05	6	29.08	0
50	5	0.05	8	28.83	0
50	5	0.05	10	29.46	0
50	5	0.05	15	29.66	0
50	5	0.05	20	29.02	0
50	5	0.06	4	25.56	0
50	5	0.06	6	27.53	0
50	5	0.06	8	26.06	0
50	5	0.06	10	26.39	0
50	5	0.06	15	26.56	0
50	5	0.06	20	26.44	0
50	5	0.07	4	24.4	0
50	5	0.07	6	24.55	0
50	5	0.07	8	24.97	0
50	5	0.07	10	24.32	0
50	5	0.07	15	24.75	0
50	5	0.07	20	24.68	0
50	5	0.08	4	23.74	0
50	5	0.08	6	23.96	0
50	5	0.08	8	24	0
50	5	0.08	10	24.23	0
50	5	0.08	15	23.95	0
50	5	0.08	20	24.77	0
50	5	0.09	4	22.72	0
50	5	0.09	6	22.81	0
50	5	0.09	8	23.77	0
50	5	0.09	10	22.75	0
50	5	0.09	15	22.98	0
50	5	0.09	20	23.09	0
50	5	0.1	4	21.09	0
50	5	0.1	6	20.8	0
50	5	0.1	8	21.74	0
50	5	0.1	10	20.81	0
50	5	0.1	15	20.8	0
50	5	0.1	20	21.32	0
50	5	0.15	4	18.96	0
50	5	0.15	6	18.63	0
50	5	0.15	8	18.64	0
50	5	0.15	10	18.22	0
50	5	0.15	15	18.73	0
50	5	0.15	20	18.22	0
50	12	-1	4	29.61	8939333
50	12	-1	6	40.9	10130000
50	12	-1	8	52.67	9385333
50	12	-1	10	65.7	7997333
50	12	-1	15	86.75	5477333
50	12	-1	20	97.38	3895333
50	12	0	4	27.82	0
50	12	0	6	40.9	0
50	12	0	8	50.4	0
50	12	0	10	62.85	0
50	12	0	15	83.69	5016000
50	12	0	20	94.59	5016000
50	12	0.01	4	27.81	0
50	12	0.01	6	34.94	0
50	12	0.01	8	39.28	0
50	12	0.01	10	42.88	0
50	12	0.01	15	44.98	0
50	12	0.01	20	44.71	0
50	12	0.02	4	28.71	0
50	12	0.02	6	34.27	0
50	12	0.02	8	37.25	0
50	12	0.02	10	36.72	0
50	12	0.02	15	36.18	0
50	12	0.02	20	37.51	0
50	12	0.03	4	27.87	0
50	12	0.03	6	31.93	0
50	12	0.03	8	33.09	0
50	12	0.03	10	33.64	0
50	12	0.03	15	34.05	0
50	12	0.03	20	33.37	0
50	12	0.04	4	28.59	0
50	12	0.04	6	29.71	0
50	12	0.04	8	30.23	0
50	12	0.04	10	29.8	0
50	12	0.04	15	29.8	0
50	12	0.04	20	30.72	0
50	12	0.05	4	27.45	0
50	12	0.05	6	28.44	0
50	12	0.05	8	28.59	0
50	12	0.05	10	29.01	0
50	12	0.05	15	29.1	0
50	12	0.05	20	29.78	0
50	12	0.06	4	25.28	0
50	12	0.06	6	26.26	0
50	12	0.06	8	26.13	0
50	12	0.06	10	26.87	0
50	12	0.06	15	26.25	0
50	12	0.06	20	26.11	0
50	12	0.07	4	23.95	0
50	12	0.07	6	24.62	0
50	12	0.07	8	23.72	0
50	12	0.07	10	23.88	0
50	12	0.07	15	24.33	0
50	12	0.07	20	25.09	0
50	12	0.08	4	24.23	0
50	12	0.08	6	24.18	0
50	12	0.08	8	24.78	0
50	12	0.08	10	24.03	0
50	12	0.08	15	24.2	0
50	12	0.08	20	24.31	0
50	12	0.09	4	23.34	0
50	12	0.09	6	23.09	0
50	12	0.09	8	22.83	0
50	12	0.09	10	23.17	0
50	12	0.09	15	23.62	0
50	12	0.09	20	22.84	0
50	12	0.1	4	20.67	0
50	12	0.1	6	21.31	0
50	12	0.1	8	21.1	0
50	12	0.1	10	21.19	0
50	12	0.1	15	21.43	0
50	12	0.1	20	21.02	0
50	12	0.15	4	18.31	0
50	12	0.15	6	18.33	0
50	12	0.15	8	17.85	0
50	12	0.15	10	18.72	0
50	12	0.15	15	18.01	0
50	12	0.15	20	18.11	0
50	25	-1	4	28.76	9126000
50	25	-1	6	40.03	9761333
50	25	-1	8	52.05	8741333
50	25	-1	10	63.44	7261333
50	25	-1	15	82.33	4766667
50	25	-1	20	90.65	3937333
50	25	0	4	27.69	0
50	25	0	6	39.75	0
50	25	0	8	50.73	0
50	25	0	10	62.12	0
50	25	0	15	79.5	0
50	25	0	20	86.09	0
50	25	0.01	4	27.3	0
50	25	0.01	6	33.21	0
50	25	0.01	8	37.5	0
50	25	0.01	10	40.17	0
50	25	0.01	15	41.35	0
50	25	0.01	20	41.07	0
50	25	0.02	4	27.81	0
50	25	0.02	6	32.17	0
50	25	0.02	8	34.25	0
50	25	0.02	10	33.97	0
50	25	0.02	15	34.58	0
50	25	0.02	20	35.12	0
50	25	0.03	4	27.68	0
50	25	0.03	6	29.94	0
50	25	0.03	8	31.07	0
50	25	0.03	10	31.5	0
50	25	0.03	15	30.66	0
50	25	0.03	20	31.27	0
50	25	0.04	4	26.95	0
50	25	0.04	6	28.32	0
50	25	0.04	8	29.36	0
50	25	0.04	10	29.19	0
50	25	0.04	15	28.87	0
50	25	0.04	20	29.25	0
50	25	0.05	4	27.14	0
50	25	0.05	6	27.67	0
50	25	0.05	8	27.27	0
50	25	0.05	10	28.07	0
50	25	0.05	15	27.36	0
50	25	0.05	20	28.49	0
50	25	0.06	4	24.9	0
50	25	0.06	6	25.73	0
50	25	0.06	8	24.82	0
50	25	0.06	10	25.13	0
50	25	0.06	15	24.96	0
50	25	0.06	20	25.42	0
50	25	0.07	4	23.17	0
50	25	0.07	6	23.91	0
50	25	0.07	8	23.19	0
50	25	0.07	10	23.98	0
50	25	0.07	15	23.9	0
50	25	0.07	20	23.86	0
50	25	0.08	4	23.4	0
50	25	0.08	6	23.22	0
50	25	0.08	8	23.75	0
50	25	0.08	10	23.05	0
50	25	0.08	15	23.41	0
50	25	0.08	20	23.42	0
50	25	0.09	4	22.58	0
50	25	0.09	6	22.03	0
50	25	0.09	8	22.63	0
50	25	0.09	10	22.09	0
50	25	0.09	15	22.72	0
50	25	0.09	20	22.5	0
50	25	0.1	4	19.37	0
50	25	0.1	6	20.76	0
50	25	0.1	8	20.49	0
50	25	0.1	10	20.88	0
50	25	0.1	15	20.14	0
50	25	0.1	20	20.35	0
50	25	0.15	4	18.28	0
50	25	0.15	6	17.88	0
50	25	0.15	8	17.4	0
50	25	0.15	10	18.53	0
50	25	0.15	15	18.23	0
50	25	0.15	20	17.47	0
100	5	-1	4	28.55	9016000
100	5	-1	6	39.49	10084667
100	5	-1	8	51.64	10056000
100	5	-1	10	62.64	9545333
100	5	-1	15	86.65	7066667
100	5	-1	20	100.94	4849333
100	5	0	4	28.41	0
100	5	0	6	38.37	1282000
100	5	0	8	50.73	4539333
100	5	0	10	62.83	8186000
100	5	0	15	85.03	8417333
100	5	0	20	98.67	8602667
100	5	0.01	4	28.17	0
100	5	0.01	6	34.89	0
100	5	0.01	8	41.33	0
100	5	0.01	10	45.67	0
100	5	0.01	15	48.19	0
100	5	0.01	20	49.23	0
100	5	0.02	4	27.54	0
100	5	0.02	6	34.88	0
100	5	0.02	8	39.42	0
100	5	0.02	10	40.17	0
100	5	0.02	15	39.32	0
100	5	0.02	20	39.68	0
100	5	0.03	4	27.8	0
100	5	0.03	6	34.76	0
100	5	0.03	8	34.5	0
100	5	0.03	10	34.91	0
100	5	0.03	15	34.54	0
100	5	0.03	20	34.65	0
100	5	0.04	4	28.42	0
100	5	0.04	6	30.87	0
100	5	0.04	8	31.75	0
100	5	0.04	10	30.98	0
100	5	0.04	15	32.02	0
100	5	0.04	20	31.22	0
100	5	0.05	4	28.05	0
100	5	0.05	6	28.26	0
100	5	0.05	8	29.32	0
100	5	0.05	10	29.66	0
100	5	0.05	15	28.7	0
100	5	0.05	20	29.11	0
100	5	0.06	4	25.95	0
100	5	0.06	6	26.63	0
100	5	0.06	8	26.66	0
100	5	0.06	10	27	0
100	5	0.06	15	26.18	0
100	5	0.06	20	26.99	0
100	5	0.07	4	24.12	0
100	5	0.07	6	24.7	0
100	5	0.07	8	24.01	0
100	5	0.07	10	24.48	0
100	5	0.07	15	24.22	0
100	5	0.07	20	24.91	0
100	5	0.08	4	23.56	0
100	5	0.08	6	23.86	0
100	5	0.08	8	23.89	0
100	5	0.08	10	25.18	0
100	5	0.08	15	24.52	0
100	5	0.08	20	24.46	0
100	5	0.09	4	22.3	0
100	5	0.09	6	23.1	0
100	5	0.09	8	23.21	0
100	5	0.09	10	22.57	0
100	5	0.09	15	23.44	0
100	5	0.09	20	22.92	0
100	5	0.1	4	20.77	0
100	5	0.1	6	21.11	0
100	5	0.1	8	21.6	0
100	5	0.1	10	20.68	0
100	5	0.1	15	21.23	0
100	5	0.1	20	21.22	0
100	5	0.15	4	18.51	0
100	5	0.15	6	18.6	0
100	5	0.15	8	18.24	0
100	5	0.15	10	18.67	0
100	5	0.15	15	18.63	0
100	5	0.15	20	18.29	0
100	12	-1	4	29.65	8939333
100	12	-1	6	41.36	10130667
100	12	-1	8	52	9423333
100	12	-1	10	64.32	8086667
100	12	-1	15	87.09	5774000
100	12	-1	20	98.09	4712000
100	12	0	4	28.71	0
100	12	0	6	40.54	0
100	12	0	8	51.31	0
100	12	0	10	63.69	0
100	12	0	15	83.79	0
100	12	0	20	94.99	0
100	12	0.01	4	28.23	0
100	12	0.01	6	34.93	0
100	12	0.01	8	40.4	0
100	12	0.01	10	43.22	0
100	12	0.01	15	44.79	0
100	12	0.01	20	44.53	0
100	12	0.02	4	28.39	0
100	12	0.02	6	34.56	0
100	12	0.02	8	36.62	0
100	12	0.02	10	36.95	0
100	12	0.02	15	37.07	0
100	12	0.02	20	36.87	0
100	12	0.03	4	28.05	0
100	12	0.03	6	31.58	0
100	12	0.03	8	33.15	0
100	12	0.03	10	32.9	0
100	12	0.03	15	32.97	0
100	12	0.03	20	32.79	0
100	12	0.04	4	27.92	0
100	12	0.04	6	29.92	0
100	12	0.04	8	30.06	0
100	12	0.04	10	29.65	0
100	12	0.04	15	30.19	0
100	12	0.04	20	29.79	0
100	12	0.05	4	27.75	0
100	12	0.05	6	28.43	0
100	12	0.05	8	28.93	0
100	12	0.05	10	28.39	0
100	12	0.05	15	29	0
100	12	0.05	20	28.38	0
100	12	0.06	4	24.74	0
100	12	0.06	6	26.21	0
100	12	0.06	8	25.61	0
100	12	0.06	10	26.21	0
100	12	0.06	15	26.52	0
100	12	0.06	20	26.17	0
100	12	0.07	4	23.38	0
100	12	0.07	6	23.97	0
100	12	0.07	8	23.81	0
100	12	0.07	10	24.52	0
100	12	0.07	15	23.85	0
100	12	0.07	20	24.48	0
100	12	0.08	4	23.3	0
100	12	0.08	6	23.32	0
100	12	0.08	8	24.37	0
100	12	0.08	10	24	0
100	12	0.08	15	23.7	0
100	12	0.08	20	23.92	0
100	12	0.09	4	23.34	0
100	12	0.09	6	22.49	0
100	12	0.09	8	23.1	0
100	12	0.09	10	22.56	0
100	12	0.09	15	22.47	0
100	12	0.09	20	22.35	0
100	12	0.1	4	20.24	0
100	12	0.1	6	21.02	0
100	12	0.1	8	20.31	0
100	12	0.1	10	20.18	0
100	12	0.1	15	20.62	0
100	12	0.1	20	20.36	0
100	12	0.15	4	18.35	0
100	12	0.15	6	18.35	0
100	12	0.15	8	17.87	0
100	12	0.15	10	18.58	0
100	12	0.15	15	17.56	0
100	12	0.15	20	17.67	0
100	25	-1	4	29.54	9126000
100	25	-1	6	40.89	9820000
100	25	-1	8	52.68	8884667
100	25	-1	10	63.78	7027333
100	25	-1	15	81.86	4241333
100	25	-1	20	90.61	3594667
100	25	0	4	27.69	0
100	25	0	6	39.65	0
100	25	0	8	50.48	0
100	25	0	10	61.48	0
100	25	0	15	77.05	0
100	25	0	20	86.01	0
100	25	0.01	4	27.51	0
100	25	0.01	6	33.52	0
100	25	0.01	8	37.31	0
100	25	0.01	10	40.45	0
100	25	0.01	15	40.67	0
100	25	0.01	20	41	0
100	25	0.02	4	27.11	0
100	25	0.02	6	32.32	0
100	25	0.02	8	34.52	0
100	25	0.02	10	34.6	0
100	25	0.02	15	34.84	0
100	25	0.02	20	34.63	0
100	25	0.03	4	27.44	0
100	25	0.03	6	31.07	0
100	25	0.03	8	31.5	0
100	25	0.03	10	30.65	0
100	25	0.03	15	30.94	0
100	25	0.03	20	31.98	0
100	25	0.04	4	26.89	0
100	25	0.04	6	28.67	0
100	25	0.04	8	29.45	0
100	25	0.04	10	28.89	0
100	25	0.04	15	29.27	0
100	25	0.04	20	29.04	0
100	25	0.05	4	27.46	0
100	25	0.05	6	27.51	0
100	25	0.05	8	28.45	0
100	25	0.05	10	27.98	0
100	25	0.05	15	27.63	0
100	25	0.05	20	28.23	0
100	25	0.06	4	24.18	0
100	25	0.06	6	25.23	0
100	25	0.06	8	25.01	0
100	25	0.06	10	25.56	0
100	25	0.06	15	25.97	0
100	25	0.06	20	24.97	0
100	25	0.07	4	23.57	0
100	25	0.07	6	23.73	0
100	25	0.07	8	24.48	0
100	25	0.07	10	23.95	0
100	25	0.07	15	24	0
100	25	0.07	20	24.14	0
100	25	0.08	4	23.01	0
100	25	0.08	6	23.45	0
100	25	0.08	8	24.35	0
100	25	0.08	10	23.78	0
100	25	0.08	15	23.56	0
100	25	0.08	20	24.08	0
100	25	0.09	4	22.43	0
100	25	0.09	6	23.09	0
100	25	0.09	8	22.94	0
100	25	0.09	10	22.83	0
100	25	0.09	15	22.78	0
100	25	0.09	20	22.33	0
100	25	0.1	4	20.69	0
100	25	0.1	6	20.95	0
100	25	0.1	8	20.27	0
100	25	0.1	10	20.9	0
100	25	0.1	15	20.76	0
100	25	0.1	20	20.95	0
100	25	0.15	4	17.89	0
100	25	0.15	6	18.04	0
100	25	0.15	8	18.26	0
100	25	0.15	10	18.59	0
100	25	0.15	15	18.56	0
100	25	0.15	20	17.76	0
100	50	-1	4	29.07	9896667
100	50	-1	6	40.84	10190667
100	50	-1	8	52.23	8107333
100	50	-1	10	62.79	6301333
100	50	-1	15	78.94	3995333
100	50	-1	20	86.07	3476667
100	50	0	4	28.16	0
100	50	0	6	39.77	0
100	50	0	8	50.53	0
100	50	0	10	61.07	0
100	50	0	15	76.9	0
100	50	0	20	81.11	0
100	50	0.01	4	27.2	0
100	50	0.01	6	33.03	0
100	50	0.01	8	37.01	0
100	50	0.01	10	38.2	0
100	50	0.01	15	38.26	0
100	50	0.01	20	38.34	0
100	50	0.02	4	27.64	0
100	50	0.02	6	32.34	0
100	50	0.02	8	33.62	0
100	50	0.02	10	33.91	0
100	50	0.02	15	33.38	0
100	50	0.02	20	34.13	0
100	50	0.03	4	27.75	0
100	50	0.03	6	30.95	0
100	50	0.03	8	30.36	0
100	50	0.03	10	31.72	0
100	50	0.03	15	31.36	0
100	50	0.03	20	30.65	0
100	50	0.04	4	27.92	0
100	50	0.04	6	28.42	0
100	50	0.04	8	29.37	0
100	50	0.04	10	29.23	0
100	50	0.04	15	29.04	0
100	50	0.04	20	28.74	0
100	50	0.05	4	27.54	0
100	50	0.05	6	27.77	0
100	50	0.05	8	28.01	0
100	50	0.05	10	28.59	0
100	50	0.05	15	27.82	0
100	50	0.05	20	28.74	0
100	50	0.06	4	26.08	0
100	50	0.06	6	25.98	0
100	50	0.06	8	25.86	0
100	50	0.06	10	26.5	0
100	50	0.06	15	26	0
100	50	0.06	20	26.03	0
100	50	0.07	4	23.84	0
100	50	0.07	6	24.6	0
100	50	0.07	8	24.27	0
100	50	0.07	10	24.89	0
100	50	0.07	15	24.93	0
100	50	0.07	20	24.3	0
100	50	0.08	4	24.07	0
100	50	0.08	6	23.92	0
100	50	0.08	8	24.72	0
100	50	0.08	10	23.81	0
100	50	0.08	15	24.36	0
100	50	0.08	20	24.49	0
100	50	0.09	4	22.71	0
100	50	0.09	6	23	0
100	50	0.09	8	23.32	0
100	50	0.09	10	22.93	0
100	50	0.09	15	23.21	0
100	50	0.09	20	23.12	0
100	50	0.1	4	21.27	0
100	50	0.1	6	21.71	0
100	50	0.1	8	21.31	0
100	50	0.1	10	21.19	0
100	50	0.1	15	21.78	0
100	50	0.1	20	21.22	0
100	50	0.15	4	18.25	0
100	50	0.15	6	19.23	0
100	50	0.15	8	18.22	0
100	50	0.15	10	18.01	0
100	50	0.15	15	18.81	0
100	50	0.15	20	18.17	0
250	5	-1	4	28.66	9016000
250	5	-1	6	40.62	10059333
250	5	-1	8	51.23	10013333
250	5	-1	10	63.7	9583333
250	5	-1	15	87.73	7588000
250	5	-1	20	101.4	6312667
250	5	0	4	28.05	0
250	5	0	6	39.76	1282000
250	5	0	8	50.96	4539333
250	5	0	10	64.19	8186000
250	5	0	15	87.16	8188667
250	5	0	20	100.56	8188667
250	5	0.01	4	27.69	0
250	5	0.01	6	36.54	0
250	5	0.01	8	42.07	0
250	5	0.01	10	46	0
250	5	0.01	15	50.84	0
250	5	0.01	20	50.81	0
250	5	0.02	4	28.3	0
250	5	0.02	6	35.32	0
250	5	0.02	8	39.65	0
250	5	0.02	10	40.08	0
250	5	0.02	15	40.56	0
250	5	0.02	20	40.25	0
250	5	0.03	4	28.39	0
250	5	0.03	6	34.67	0
250	5	0.03	8	35.09	0
250	5	0.03	10	35.33	0
250	5	0.03	15	35.18	0
250	5	0.03	20	34.86	0
250	5	0.04	4	28.48	0
250	5	0.04	6	30.94	0
250	5	0.04	8	31.62	0
250	5	0.04	10	31.82	0
250	5	0.04	15	31.03	0
250	5	0.04	20	31.31	0
250	5	0.05	4	28.42	0
250	5	0.05	6	29.2	0
250	5	0.05	8	29.73	0
250	5	0.05	10	28.83	0
250	5	0.05	15	29.17	0
250	5	0.05	20	28.78	0
250	5	0.06	4	25.68	0
250	5	0.06	6	26.09	0
250	5	0.06	8	26.53	0
250	5	0.06	10	26.89	0
250	5	0.06	15	26.59	0
250	5	0.06	20	26.37	0
250	5	0.07	4	23.75	0
250	5	0.07	6	24.66	0
250	5	0.07	8	24.35	0
250	5	0.07	10	24.39	0
250	5	0.07	15	23.94	0
250	5	0.07	20	24.46	0
250	5	0.08	4	22.89	0
250	5	0.08	6	24.02	0
250	5	0.08	8	23.76	0
250	5	0.08	10	23.74	0
250	5	0.08	15	23.81	0
250	5	0.08	20	23.51	0
250	5	0.09	4	22.22	0
250	5	0.09	6	23.13	0
250	5	0.09	8	23.02	0
250	5	0.09	10	22.82	0
250	5	0.09	15	23	0
250	5	0.09	20	23.14	0
250	5	0.1	4	20.8	0
250	5	0.1	6	20.85	0
250	5	0.1	8	20.99	0
250	5	0.1	10	21.21	0
250	5	0.1	15	20.86	0
250	5	0.1	20	21.29	0
250	5	0.15	4	18.91	0
250	5	0.15	6	18.1	0
250	5	0.15	8	18.15	0
250	5	0.15	10	18.47	0
250	5	0.15	15	17.9	0
250	5	0.15	20	18.81	0
250	12	-1	4	29.15	8939333
250	12	-1	6	41.02	10190000
250	12	-1	8	53.1	9454667
250	12	-1	10	63.37	8120667
250	12	-1	15	85.22	6256667
250	12	-1	20	95.63	5725333
250	12	0	4	28.19	0
250	12	0	6	39.14	0
250	12	0	8	51.28	0
250	12	0	10	62.88	0
250	12	0	15	81.69	0
250	12	0	20	91.56	0
250	12	0.01	4	28.03	0
250	12	0.01	6	34.75	0
250	12	0.01	8	39.52	0
250	12	0.01	10	42.28	0
250	12	0.01	15	44.22	0
250	12	0.01	20	44.27	0
250	12	0.02	4	27.67	0
250	12	0.02	6	34.24	0
250	12	0.02	8	36.43	0
250	12	0.02	10	36.59	0
250	12	0.02	15	36.64	0
250	12	0.02	20	36.45	0
250	12	0.03	4	28.1	0
250	12	0.03	6	31.21	0
250	12	0.03	8	32.13	0
250	12	0.03	10	32.74	0
250	12	0.03	15	32.55	0
250	12	0.03	20	32.47	0
250	12	0.04	4	27.4	0
250	12	0.04	6	29.67	0
250	12	0.04	8	29.38	0
250	12	0.04	10	29.21	0
250	12	0.04	15	29.77	0
250	12	0.04	20	30.25	0
250	12	0.05	4	27.45	0
250	12	0.05	6	27.7	0
250	12	0.05	8	28.49	0
250	12	0.05	10	27.9	0
250	12	0.05	15	28.61	0
250	12	0.05	20	27.99	0
250	12	0.06	4	24.47	0
250	12	0.06	6	25.7	0
250	12	0.06	8	25.41	0
250	12	0.06	10	25.34	0
250	12	0.06	15	25.18	0
250	12	0.06	20	26.2	0
250	12	0.07	4	23.94	0
250	12	0.07	6	23.15	0
250	12	0.07	8	24.35	0
250	12	0.07	10	23.7	0
250	12	0.07	15	24.22	0
250	12	0.07	20	23.51	0
250	12	0.08	4	22.56	0
250	12	0.08	6	23.77	0
250	12	0.08	8	22.81	0
250	12	0.08	10	23.46	0
250	12	0.08	15	23.71	0
250	12	0.08	20	23.32	0
250	12	0.09	4	21.67	0
250	12	0.09	6	21.66	0
250	12	0.09	8	22.71	0
250	12	0.09	10	21.94	0
250	12	0.09	15	22.7	0
250	12	0.09	20	22.11	0
250	12	0.1	4	20.4	0
250	12	0.1	6	20.04	0
250	12	0.1	8	20.86	0
250	12	0.1	10	20.32	0
250	12	0.1	15	20.16	0
250	12	0.1	20	20.78	0
250	12	0.15	4	17.43	0
250	12	0.15	6	17.61	0
250	12	0.15	8	17.35	0
250	12	0.15	10	17.52	0
250	12	0.15	15	18.01	0
250	12	0.15	20	17.11	0
250	25	-1	4	28.12	9096667
250	25	-1	6	40.13	9770000
250	25	-1	8	52.16	8952000
250	25	-1	10	62.69	7848000
250	25	-1	15	83.5	6136667
250	25	-1	20	87.95	5708000
250	25	0	4	27.19	0
250	25	0	6	39.01	0
250	25	0	8	51.84	0
250	25	0	10	61.29	0
250	25	0	15	78.25	0
250	25	0	20	84.94	0
250	25	0.01	4	26.98	0
250	25	0.01	6	32.8	0
250	25	0.01	8	37.47	0
250	25	0.01	10	40.16	0
250	25	0.01	15	41.45	0
250	25	0.01	20	41.3	0
250	25	0.02	4	27.34	0
250	25	0.02	6	32.91	0
250	25	0.02	8	33.89	0
250	25	0.02	10	34.95	0
250	25	0.02	15	34.17	0
250	25	0.02	20	35.31	0
250	25	0.03	4	28.06	0
250	25	0.03	6	30.48	0
250	25	0.03	8	31.72	0
250	25	0.03	10	32.05	0
250	25	0.03	15	31	0
250	25	0.03	20	31.65	0
250	25	0.04	4	27.06	0
250	25	0.04	6	28.69	0
250	25	0.04	8	28.47	0
250	25	0.04	10	28.89	0
250	25	0.04	15	29.36	0
250	25	0.04	20	29.26	0
250	25	0.05	4	27.7	0
250	25	0.05	6	27.53	0
250	25	0.05	8	28.04	0
250	25	0.05	10	27.9	0
250	25	0.05	15	28.56	0
250	25	0.05	20	27.91	0
250	25	0.06	4	25.06	0
250	25	0.06	6	25.31	0
250	25	0.06	8	25.33	0
250	25	0.06	10	25.55	0
250	25	0.06	15	26.21	0
250	25	0.06	20	25.95	0
250	25	0.07	4	23.51	0
250	25	0.07	6	24.11	0
250	25	0.07	8	23.8	0
250	25	0.07	10	24.42	0
250	25	0.07	15	23.89	0
250	25	0.07	20	23.66	0
250	25	0.08	4	23.67	0
250	25	0.08	6	23.38	0
250	25	0.08	8	23.81	0
250	25	0.08	10	23.7	0
250	25	0.08	15	24.29	0
250	25	0.08	20	23.7	0
250	25	0.09	4	21.88	0
250	25	0.09	6	23.29	0
250	25	0.09	8	22.06	0
250	25	0.09	10	22.84	0
250	25	0.09	15	22.83	0
250	25	0.09	20	22.56	0
250	25	0.1	4	20.33	0
250	25	0.1	6	20.85	0
250	25	0.1	8	21.12	0
250	25	0.1	10	20.95	0
250	25	0.1	15	20.43	0
250	25	0.1	20	21.11	0
250	25	0.15	4	17.67	0
250	25	0.15	6	18.64	0
250	25	0.15	8	17.78	0
250	25	0.15	10	17.68	0
250	25	0.15	15	18	0
250	25	0.15	20	17.82	0
250	50	-1	4	28.92	9867333
250	50	-1	6	40.67	10172667
250	50	-1	8	52.66	8168667
250	50	-1	10	63.09	6236667
250	50	-1	15	79.15	4771333
250	50	-1	20	84.95	4565333
250	50	0	4	28.36	0
250	50	0	6	39.7	0
250	50	0	8	50.73	0
250	50	0	10	60.59	0
250	50	0	15	76.07	0
250	50	0	20	81.27	0
250	50	0.01	4	26.94	0
250	50	0.01	6	33.34	0
250	50	0.01	8	36.81	0
250	50	0.01	10	38.42	0
250	50	0.01	15	38.47	0
250	50	0.01	20	38.61	0
250	50	0.02	4	27.68	0
250	50	0.02	6	32.59	0
250	50	0.02	8	33.77	0
250	50	0.02	10	34.58	0
250	50	0.02	15	33.81	0
250	50	0.02	20	33.96	0
250	50	0.03	4	27.88	0
250	50	0.03	6	30.59	0
250	50	0.03	8	31	0
250	50	0.03	10	30.9	0
250	50	0.03	15	30.57	0
250	50	0.03	20	31.35	0
250	50	0.04	4	26.74	0
250	50	0.04	6	28.23	0
250	50	0.04	8	29.04	0
250	50	0.04	10	29.49	0
250	50	0.04	15	28.9	0
250	50	0.04	20	29.4	0
250	50	0.05	4	27.09	0
250	50	0.05	6	27.89	0
250	50	0.05	8	27.49	0
250	50	0.05	10	28.41	0
250	50	0.05	15	27.59	0
250	50	0.05	20	27.83	0
250	50	0.06	4	25.16	0
250	50	0.06	6	24.74	0
250	50	0.06	8	25.38	0
250	50	0.06	10	25.61	0
250	50	0.06	15	25.74	0
250	50	0.06	20	25.59	0
250	50	0.07	4	23.17	0
250	50	0.07	6	24.01	0
250	50	0.07	8	23.9	0
250	50	0.07	10	24.3	0
250	50	0.07	15	23.9	0
250	50	0.07	20	23.69	0
250	50	0.08	4	23.21	0
250	50	0.08	6	23.31	0
250	50	0.08	8	23.07	0
250	50	0.08	10	23.36	0
250	50	0.08	15	23.83	0
250	50	0.08	20	23.42	0
250	50	0.09	4	22.33	0
250	50	0.09	6	22.1	0
250	50	0.09	8	22.86	0
250	50	0.09	10	22.67	0
250	50	0.09	15	22.65	0
250	50	0.09	20	23	0
250	50	0.1	4	20.25	0
250	50	0.1	6	20.6	0
250	50	0.1	8	20.79	0
250	50	0.1	10	20.56	0
250	50	0.1	15	20.52	0
250	50	0.1	20	21.35	0
250	50	0.15	4	17.68	0
250	50	0.15	6	17.65	0
250	50	0.15	8	17.8	0
250	50	0.15	10	17.49	0
250	50	0.15	15	18.19	0
250	50	0.15	20	17.84	0
250	125	-1	4	28.81	10052667
250	125	-1	6	40.17	10030000
250	125	-1	8	53.59	8080000
250	125	-1	10	62.17	7349333
250	125	-1	15	73.68	6485333
250	125	-1	20	74.45	6485333
250	125	0	4	28.66	0
250	125	0	6	39.92	0
250	125	0	8	51.65	0
250	125	0	10	61.51	0
250	125	0	15	71.06	0
250	125	0	20	72.57	0
250	125	0.01	4	27.57	0
250	125	0.01	6	33.63	0
250	125	0.01	8	36.23	0
250	125	0.01	10	38.01	0
250	125	0.01	15	38.45	0
250	125	0.01	20	38.06	0
250	125	0.02	4	27.82	0
250	125	0.02	6	33.37	0
250	125	0.02	8	33.59	0
250	125	0.02	10	34.27	0
250	125	0.02	15	33.81	0
250	125	0.02	20	34.47	0
250	125	0.03	4	27.21	0
250	125	0.03	6	30.64	0
250	125	0.03	8	31.34	0
250	125	0.03	10	31.76	0
250	125	0.03	15	32.19	0
250	125	0.03	20	31.17	0
250	125	0.04	4	27.79	0
250	125	0.04	6	29.08	0
250	125	0.04	8	29.54	0
250	125	0.04	10	29.04	0
250	125	0.04	15	29.79	0
250	125	0.04	20	29.19	0
250	125	0.05	4	27.77	0
250	125	0.05	6	28.22	0
250	125	0.05	8	28.92	0
250	125	0.05	10	28.44	0
250	125	0.05	15	27.84	0
250	125	0.05	20	28.7	0
250	125	0.06	4	24.04	0
250	125	0.06	6	25.29	0
250	125	0.06	8	24.75	0
250	125	0.06	10	24.55	0
250	125	0.06	15	25.62	0
250	125	0.06	20	24.58	0
250	125	0.07	4	22.7	0
250	125	0.07	6	24.01	0
250	125	0.07	8	23.86	0
250	125	0.07	10	24.24	0
250	125	0.07	15	24.58	0
250	125	0.07	20	23.89	0
250	125	0.08	4	22.73	0
250	125	0.08	6	23.24	0
250	125	0.08	8	23.21	0
250	125	0.08	10	23.17	0
250	125	0.08	15	23.43	0
250	125	0.08	20	23.32	0
250	125	0.09	4	21.83	0
250	125	0.09	6	22.46	0
250	125	0.09	8	22.98	0
250	125	0.09	10	22.55	0
250	125	0.09	15	22.94	0
250	125	0.09	20	22.53	0
250	125	0.1	4	20.38	0
250	125	0.1	6	20.04	0
250	125	0.1	8	20.99	0
250	125	0.1	10	20	0
250	125	0.1	15	19.95	0
250	125	0.1	20	20.69	0
250	125	0.15	4	17.28	0
250	125	0.15	6	17.32	0
250	125	0.15	8	17.97	0
250	125	0.15	10	17.45	0
250	125	0.15	15	17.83	0
250	125	0.15	20	17.54	0
500	5	-1	4	28.45	9016000
500	5	-1	6	39.44	10059333
500	5	-1	8	50.32	9918000
500	5	-1	10	61	9797333
500	5	-1	15	85.23	8486667
500	5	-1	20	98.05	7602667
500	5	0	4	28.67	0
500	5	0	6	43.86	1282000
500	5	0	8	52.83	4539333
500	5	0	10	61.19	5018667
500	5	0	15	83.52	5018667
500	5	0	20	95.32	5018667
500	5	0.01	4	27.34	0
500	5	0.01	6	34.66	0
500	5	0.01	8	40.11	0
500	5	0.01	10	44.74	0
500	5	0.01	15	48.26	0
500	5	0.01	20	48.41	0
500	5	0.02	4	27.53	0
500	5	0.02	6	34.27	0
500	5	0.02	8	37.18	0
500	5	0.02	10	38.84	0
500	5	0.02	15	38.55	0
500	5	0.02	20	38.34	0
500	5	0.03	4	26.55	0
500	5	0.03	6	32.75	0
500	5	0.03	8	32.78	0
500	5	0.03	10	33.22	0
500	5	0.03	15	34.25	0
500	5	0.03	20	34.87	0
500	5	0.04	4	27.15	0
500	5	0.04	6	29.7	0
500	5	0.04	8	29.57	0
500	5	0.04	10	30	0
500	5	0.04	15	29.74	0
500	5	0.04	20	30.04	0
500	5	0.05	4	26.78	0
500	5	0.05	6	26.77	0
500	5	0.05	8	27.17	0
500	5	0.05	10	27.61	0
500	5	0.05	15	27.91	0
500	5	0.05	20	28.29	0
500	5	0.06	4	25.29	0
500	5	0.06	6	25.1	0
500	5	0.06	8	25.73	0
500	5	0.06	10	24.99	0
500	5	0.06	15	25.37	0
500	5	0.06	20	25.56	0
500	5	0.07	4	22.35	0
500	5	0.07	6	23.15	0
500	5	0.07	8	23.79	0
500	5	0.07	10	23.08	0
500	5	0.07	15	23.33	0
500	5	0.07	20	23.22	0
500	5	0.08	4	22.95	0
500	5	0.08	6	22.81	0
500	5	0.08	8	23.29	0
500	5	0.08	10	23.64	0
500	5	0.08	15	22.98	0
500	5	0.08	20	22.97	0
500	5	0.09	4	21.93	0
500	5	0.09	6	22.17	0
500	5	0.09	8	21.99	0
500	5	0.09	10	21.95	0
500	5	0.09	15	21.72	0
500	5	0.09	20	22.26	0
500	5	0.1	4	20.16	0
500	5	0.1	6	20.16	0
500	5	0.1	8	20.1	0
500	5	0.1	10	20.01	0
500	5	0.1	15	19.96	0
500	5	0.1	20	20.74	0
500	5	0.15	4	17.26	0
500	5	0.15	6	18.07	0
500	5	0.15	8	17.43	0
500	5	0.15	10	18.11	0
500	5	0.15	15	17.52	0
500	5	0.15	20	17.67	0
500	12	-1	4	28.51	8939333
500	12	-1	6	39.43	10201333
500	12	-1	8	50.4	9468667
500	12	-1	10	61.16	8950667
500	12	-1	15	81.35	7815333
500	12	-1	20	92.79	7575333
500	12	0	4	26.98	0
500	12	0	6	38.69	0
500	12	0	8	49.3	0
500	12	0	10	60.31	0
500	12	0	15	80.4	0
500	12	0	20	88.68	0
500	12	0.01	4	27.01	0
500	12	0.01	6	33.33	0
500	12	0.01	8	37.99	0
500	12	0.01	10	41.56	0
500	12	0.01	15	41.71	0
500	12	0.01	20	43.42	0
500	12	0.02	4	26.97	0
500	12	0.02	6	33.49	0
500	12	0.02	8	35.77	0
500	12	0.02	10	35.06	0
500	12	0.02	15	35.62	0
500	12	0.02	20	35.44	0
500	12	0.03	4	26.91	0
500	12	0.03	6	30.86	0
500	12	0.03	8	31.74	0
500	12	0.03	10	31.98	0
500	12	0.03	15	32.15	0
500	12	0.03	20	31.97	0
500	12	0.04	4	27.04	0
500	12	0.04	6	28.79	0
500	12	0.04	8	28.45	0
500	12	0.04	10	28.84	0
500	12	0.04	15	28.63	0
500	12	0.04	20	29.29	0
500	12	0.05	4	27.1	0
500	12	0.05	6	27.14	0
500	12	0.05	8	27.72	0
500	12	0.05	10	27.91	0
500	12	0.05	15	27.39	0
500	12	0.05	20	27.96	0
500	12	0.06	4	23.96	0
500	12	0.06	6	25.04	0
500	12	0.06	8	25.15	0
500	12	0.06	10	24.54	0
500	12	0.06	15	25.62	0
500	12	0.06	20	25.7	0
500	12	0.07	4	23.18	0
500	12	0.07	6	22.85	0
500	12	0.07	8	23.24	0
500	12	0.07	10	22.73	0
500	12	0.07	15	23.94	0
500	12	0.07	20	22.65	0
500	12	0.08	4	22.78	0
500	12	0.08	6	22.67	0
500	12	0.08	8	22.38	0
500	12	0.08	10	23.09	0
500	12	0.08	15	22.96	0
500	12	0.08	20	23	0
500	12	0.09	4	21.28	0
500	12	0.09	6	21.94	0
500	12	0.09	8	21.73	0
500	12	0.09	10	22.28	0
500	12	0.09	15	21.93	0
500	12	0.09	20	21.42	0
500	12	0.1	4	19.97	0
500	12	0.1	6	20.23	0
500	12	0.1	8	20.86	0
500	12	0.1	10	20.44	0
500	12	0.1	15	19.63	0
500	12	0.1	20	20.41	0
500	12	0.15	4	17.34	0
500	12	0.15	6	17.46	0
500	12	0.15	8	17.18	0
500	12	0.15	10	17.11	0
500	12	0.15	15	17.85	0
500	12	0.15	20	16.85	0
500	25	-1	4	27.94	9096667
500	25	-1	6	38.68	9773333
500	25	-1	8	50.58	9170000
500	25	-1	10	61	8709333
500	25	-1	15	77.48	8091333
500	25	-1	20	85.5	7741333
500	25	0	4	27.52	0
500	25	0	6	38.8	0
500	25	0	8	49.72	0
500	25	0	10	59.77	0
500	25	0	15	75.61	0
500	25	0	20	82.11	0
500	25	0.01	4	26.21	0
500	25	0.01	6	32.81	0
500	25	0.01	8	36.02	0
500	25	0.01	10	38.94	0
500	25	0.01	15	39.42	0
500	25	0.01	20	39.44	0
500	25	0.02	4	26.93	0
500	25	0.02	6	32.12	0
500	25	0.02	8	34.01	0
500	25	0.02	10	33.68	0
500	25	0.02	15	32.91	0
500	25	0.02	20	34	0
500	25	0.03	4	26.07	0
500	25	0.03	6	30.35	0
500	25	0.03	8	29.99	0
500	25	0.03	10	30.43	0
500	25	0.03	15	30.83	0
500	25	0.03	20	30.58	0
500	25	0.04	4	26.84	0
500	25	0.04	6	27.31	0
500	25	0.04	8	28.01	0
500	25	0.04	10	28.06	0
500	25	0.04	15	28.16	0
500	25	0.04	20	27.72	0
500	25	0.05	4	26.29	0
500	25	0.05	6	27.01	0
500	25	0.05	8	26.56	0
500	25	0.05	10	26.85	0
500	25	0.05	15	26.63	0
500	25	0.05	20	27.38	0
500	25	0.06	4	24.06	0
500	25	0.06	6	25.31	0
500	25	0.06	8	24.65	0
500	25	0.06	10	25	0
500	25	0.06	15	24.38	0
500	25	0.06	20	24.46	0
500	25	0.07	4	23	0
500	25	0.07	6	23.32	0
500	25	0.07	8	22.95	0
500	25	0.07	10	23.03	0
500	25	0.07	15	23.87	0
500	25	0.07	20	23.56	0
500	25	0.08	4	22.07	0
500	25	0.08	6	22.81	0
500	25	0.08	8	22.83	0
500	25	0.08	10	23.5	0
500	25	0.08	15	23.35	0
500	25	0.08	20	23.11	0
500	25	0.09	4	21.62	0
500	25	0.09	6	22.29	0
500	25	0.09	8	22.26	0
500	25	0.09	10	22.36	0
500	25	0.09	15	22.05	0
500	25	0.09	20	21.57	0
500	25	0.1	4	19.99	0
500	25	0.1	6	20.61	0
500	25	0.1	8	19.69	0
500	25	0.1	10	19.92	0
500	25	0.1	15	19.84	0
500	25	0.1	20	20.72	0
500	25	0.15	4	17.59	0
500	25	0.15	6	18.11	0
500	25	0.15	8	17.52	0
500	25	0.15	10	17.92	0
500	25	0.15	15	17.64	0
500	25	0.15	20	17.42	0
500	50	-1	4	30.81	9867333
500	50	-1	6	39.41	10146000
500	50	-1	8	49.49	8705333
500	50	-1	10	60.57	8059333
500	50	-1	15	76.07	7276667
500	50	-1	20	81.45	7136667
500	50	0	4	27.43	0
500	50	0	6	38.44	0
500	50	0	8	48.97	0
500	50	0	10	59.48	0
500	50	0	15	73.77	0
500	50	0	20	79.29	0
500	50	0.01	4	26.27	0
500	50	0.01	6	32.35	0
500	50	0.01	8	35.76	0
500	50	0.01	10	36.73	0
500	50	0.01	15	37.11	0
500	50	0.01	20	37.13	0
500	50	0.02	4	26.38	0
500	50	0.02	6	31.19	0
500	50	0.02	8	32.48	0
500	50	0.02	10	33.27	0
500	50	0.02	15	32.08	0
500	50	0.02	20	33.2	0
500	50	0.03	4	25.76	0
500	50	0.03	6	29.82	0
500	50	0.03	8	30.46	0
500	50	0.03	10	30.19	0
500	50	0.03	15	30.33	0
500	50	0.03	20	29.47	0
500	50	0.04	4	26.61	0
500	50	0.04	6	27.45	0
500	50	0.04	8	28.46	0
500	50	0.04	10	28.06	0
500	50	0.04	15	28.6	0
500	50	0.04	20	27.53	0
500	50	0.05	4	26.36	0
500	50	0.05	6	27.01	0
500	50	0.05	8	26.55	0
500	50	0.05	10	26.61	0
500	50	0.05	15	26.53	0
500	50	0.05	20	27.59	0
500	50	0.06	4	23.33	0
500	50	0.06	6	24.57	0
500	50	0.06	8	24.68	0
500	50	0.06	10	24.69	0
500	50	0.06	15	24.25	0
500	50	0.06	20	24.45	0
500	50	0.07	4	21.77	0
500	50	0.07	6	23.15	0
500	50	0.07	8	22.45	0
500	50	0.07	10	23.07	0
500	50	0.07	15	22.47	0
500	50	0.07	20	23.21	0
500	50	0.08	4	22.55	0
500	50	0.08	6	22.56	0
500	50	0.08	8	22.11	0
500	50	0.08	10	22.7	0
500	50	0.08	15	22.41	0
500	50	0.08	20	22.77	0
500	50	0.09	4	20.98	0
500	50	0.09	6	21.89	0
500	50	0.09	8	21.49	0
500	50	0.09	10	21.73	0
500	50	0.09	15	21.92	0
500	50	0.09	20	21.51	0
500	50	0.1	4	19.43	0
500	50	0.1	6	19.53	0
500	50	0.1	8	19.71	0
500	50	0.1	10	19.3	0
500	50	0.1	15	20.31	0
500	50	0.1	20	19	0
500	50	0.15	4	17.03	0
500	50	0.15	6	16.81	0
500	50	0.15	8	16.58	0
500	50	0.15	10	17.24	0
500	50	0.15	15	17.24	0
500	50	0.15	20	16.93	0
500	125	-1	4	27.68	10052667
500	125	-1	6	39.23	9956667
500	125	-1	8	49.76	8022667
500	125	-1	10	59.72	7944000
500	125	-1	15	70.51	7786000
500	125	-1	20	72.63	7786000
500	125	0	4	26.84	0
500	125	0	6	38.12	0
500	125	0	8	48.89	0
500	125	0	10	57.36	0
500	125	0	15	67.49	0
500	125	0	20	69.65	0
500	125	0.01	4	26.42	0
500	125	0.01	6	32.73	0
500	125	0.01	8	35.42	0
500	125	0.01	10	35.99	0
500	125	0.01	15	36.59	0
500	125	0.01	20	35.63	0
500	125	0.02	4	26.97	0
500	125	0.02	6	31.73	0
500	125	0.02	8	32.84	0
500	125	0.02	10	31.78	0
500	125	0.02	15	32.92	0
500	125	0.02	20	31.92	0
500	125	0.03	4	26.46	0
500	125	0.03	6	29.44	0
500	125	0.03	8	30.28	0
500	125	0.03	10	29.77	0
500	125	0.03	15	29.53	0
500	125	0.03	20	30.34	0
500	125	0.04	4	26.53	0
500	125	0.04	6	27.26	0
500	125	0.04	8	28.45	0
500	125	0.04	10	27.59	0
500	125	0.04	15	27.99	0
500	125	0.04	20	27.66	0
500	125	0.05	4	26.32	0
500	125	0.05	6	26.27	0
500	125	0.05	8	26.54	0
500	125	0.05	10	27.34	0
500	125	0.05	15	26.58	0
500	125	0.05	20	26.87	0
500	125	0.06	4	24.72	0
500	125	0.06	6	24.72	0
500	125	0.06	8	24.54	0
500	125	0.06	10	25.25	0
500	125	0.06	15	24.59	0
500	125	0.06	20	25.04	0
500	125	0.07	4	22.62	0
500	125	0.07	6	23.39	0
500	125	0.07	8	22.82	0
500	125	0.07	10	23.34	0
500	125	0.07	15	23.53	0
500	125	0.07	20	23.3	0
500	125	0.08	4	22.51	0
500	125	0.08	6	22.37	0
500	125	0.08	8	23.2	0
500	125	0.08	10	23.45	0
500	125	0.08	15	22.64	0
500	125	0.08	20	23.21	0
500	125	0.09	4	21.91	0
500	125	0.09	6	22.12	0
500	125	0.09	8	21.6	0
500	125	0.09	10	22.17	0
500	125	0.09	15	22.26	0
500	125	0.09	20	22.02	0
500	125	0.1	4	19.89	0
500	125	0.1	6	20.53	0
500	125	0.1	8	19.62	0
500	125	0.1	10	19.78	0
500	125	0.1	15	19.63	0
500	125	0.1	20	19.86	0
500	125	0.15	4	17.38	0
500	125	0.15	6	17.72	0
500	125	0.15	8	17.38	0
500	125	0.15	10	17.51	0
500	125	0.15	15	17.45	0
500	125	0.15	20	17.42	0
500	250	-1	4	28.09	9766667
500	250	-1	6	39.57	10152000
500	250	-1	8	48.83	9057333
500	250	-1	10	57.33	8662000
500	250	-1	15	66.66	8460667
500	250	-1	20	67.93	8460667
500	250	0	4	27.59	0
500	250	0	6	38.62	0
500	250	0	8	48.84	0
500	250	0	10	56.45	0
500	250	0	15	64.31	0
500	250	0	20	64.46	0
500	250	0.01	4	27.09	0
500	250	0.01	6	32.65	0
500	250	0.01	8	35.42	0
500	250	0.01	10	35.63	0
500	250	0.01	15	35.59	0
500	250	0.01	20	35.49	0
500	250	0.02	4	26.82	0
500	250	0.02	6	31.6	0
500	250	0.02	8	32.34	0
500	250	0.02	10	31.64	0
500	250	0.02	15	31.89	0
500	250	0.02	20	32.55	0
500	250	0.03	4	27.16	0
500	250	0.03	6	29.15	0
500	250	0.03	8	29.96	0
500	250	0.03	10	30.12	0
500	250	0.03	15	30.07	0
500	250	0.03	20	29.8	0
500	250	0.04	4	26.7	0
500	250	0.04	6	27.8	0
500	250	0.04	8	28.02	0
500	250	0.04	10	27.76	0
500	250	0.04	15	27.54	0
500	250	0.04	20	28.2	0
500	250	0.05	4	26.22	0
500	250	0.05	6	26.19	0
500	250	0.05	8	27.57	0
500	250	0.05	10	26.83	0
500	250	0.05	15	27.4	0
500	250	0.05	20	27.74	0
500	250	0.06	4	23.95	0
500	250	0.06	6	24.66	0
500	250	0.06	8	24.54	0
500	250	0.06	10	24.68	0
500	250	0.06	15	23.93	0
500	250	0.06	20	25.09	0
500	250	0.07	4	22.41	0
500	250	0.07	6	23.1	0
500	250	0.07	8	23.45	0
500	250	0.07	10	23.39	0
500	250	0.07	15	23.23	0
500	250	0.07	20	23.33	0
500	250	0.08	4	22.6	0
500	250	0.08	6	22.54	0
500	250	0.08	8	22.68	0
500	250	0.08	10	22.82	0
500	250	0.08	15	22.97	0
500	250	0.08	20	23.02	0
500	250	0.09	4	21.54	0
500	250	0.09	6	22	0
500	250	0.09	8	22.1	0
500	250	0.09	10	21.77	0
500	250	0.09	15	21.91	0
500	250	0.09	20	21.75	0
500	250	0.1	4	20	0
500	250	0.1	6	19.34	0
500	250	0.1	8	20.21	0
500	250	0.1	10	20.55	0
500	250	0.1	15	19.99	0
500	250	0.1	20	20.23	0
500	250	0.15	4	17.33	0
500	250	0.15	6	16.76	0
500	250	0.15	8	17.39	0
500	250	0.15	10	17.45	0
500	250	0.15	15	17.01	0
500	250	0.15	20	17.52	0
1000	5	-1	4	26.92	8967333
1000	5	-1	6	38.67	10036000
1000	5	-1	8	49.59	9774667
1000	5	-1	10	59.21	9472000
1000	5	-1	15	83.12	8319333
1000	5	-1	20	94.25	7767333
1000	5	0	4	27.16	0
1000	5	0	6	37.57	0
1000	5	0	8	49.1	3257333
1000	5	0	10	58.93	5094000
1000	5	0	15	81.22	5094000
1000	5	0	20	92.21	5094000
1000	5	0.01	4	27.16	0
1000	5	0.01	6	33.59	0
1000	5	0.01	8	39.26	0
1000	5	0.01	10	43.55	0
1000	5	0.01	15	46.38	0
1000	5	0.01	20	47.63	0
1000	5	0.02	4	26.43	0
1000	5	0.02	6	34.28	0
1000	5	0.02	8	37.6	0
1000	5	0.02	10	37.87	0
1000	5	0.02	15	38.38	0
1000	5	0.02	20	37.67	0
1000	5	0.03	4	27.03	0
1000	5	0.03	6	32.07	0
1000	5	0.03	8	32.48	0
1000	5	0.03	10	33.14	0
1000	5	0.03	15	33.53	0
1000	5	0.03	20	33.39	0
1000	5	0.04	4	26.48	0
1000	5	0.04	6	29.29	0
1000	5	0.04	8	29.46	0
1000	5	0.04	10	29.56	0
1000	5	0.04	15	29.31	0
1000	5	0.04	20	29.16	0
1000	5	0.05	4	26.35	0
1000	5	0.05	6	26.82	0
1000	5	0.05	8	27.09	0
1000	5	0.05	10	27.7	0
1000	5	0.05	15	27.6	0
1000	5	0.05	20	26.94	0
1000	5	0.06	4	24.61	0
1000	5	0.06	6	24.48	0
1000	5	0.06	8	25.76	0
1000	5	0.06	10	24.73	0
1000	5	0.06	15	25.18	0
1000	5	0.06	20	25.03	0
1000	5	0.07	4	22.2	0
1000	5	0.07	6	23.34	0
1000	5	0.07	8	22.45	0
1000	5	0.07	10	22.65	0
1000	5	0.07	15	22.67	0
1000	5	0.07	20	23.38	0
1000	5	0.08	4	21.98	0
1000	5	0.08	6	23.2	0
1000	5	0.08	8	23.31	0
1000	5	0.08	10	22.35	0
1000	5	0.08	15	22.55	0
1000	5	0.08	20	22.97	0
1000	5	0.09	4	20.87	0
1000	5	0.09	6	22.17	0
1000	5	0.09	8	21.48	0
1000	5	0.09	10	21.73	0
1000	5	0.09	15	21.6	0
1000	5	0.09	20	21.98	0
1000	5	0.1	4	19.17	0
1000	5	0.1	6	19.86	0
1000	5	0.1	8	19.62	0
1000	5	0.1	10	20.19	0
1000	5	0.1	15	20.21	0
1000	5	0.1	20	19.47	0
1000	5	0.15	4	17.84	0
1000	5	0.15	6	17.17	0
1000	5	0.15	8	17.08	0
1000	5	0.15	10	17.57	0
1000	5	0.15	15	16.84	0
1000	5	0.15	20	17.24	0
1000	12	-1	4	27.59	8889333
1000	12	-1	6	38.32	10076667
1000	12	-1	8	49.32	9358667
1000	12	-1	10	60.57	9090000
1000	12	-1	15	79.57	8174000
1000	12	-1	20	89.7	7880667
1000	12	0	4	26.99	0
1000	12	0	6	38.14	0
1000	12	0	8	48.82	0
1000	12	0	10	58.82	0
1000	12	0	15	77.39	0
1000	12	0	20	88.25	0
1000	12	0.01	4	26.88	0
1000	12	0.01	6	33.58	0
1000	12	0.01	8	38.61	0
1000	12	0.01	10	40.71	0
1000	12	0.01	15	41.58	0
1000	12	0.01	20	42.18	0
1000	12	0.02	4	27.13	0
1000	12	0.02	6	32.68	0
1000	12	0.02	8	34.83	0
1000	12	0.02	10	34.73	0
1000	12	0.02	15	35.11	0
1000	12	0.02	20	35.02	0
1000	12	0.03	4	26.74	0
1000	12	0.03	6	31.16	0
1000	12	0.03	8	30.75	0
1000	12	0.03	10	31.36	0
1000	12	0.03	15	31.37	0
1000	12	0.03	20	31.67	0
1000	12	0.04	4	26.99	0
1000	12	0.04	6	28.54	0
1000	12	0.04	8	29.2	0
1000	12	0.04	10	29.02	0
1000	12	0.04	15	28.36	0
1000	12	0.04	20	28.95	0
1000	12	0.05	4	26.43	0
1000	12	0.05	6	28.02	0
1000	12	0.05	8	28	0
1000	12	0.05	10	27.98	0
1000	12	0.05	15	27.66	0
1000	12	0.05	20	27.76	0
1000	12	0.06	4	24.61	0
1000	12	0.06	6	25.57	0
1000	12	0.06	8	24.97	0
1000	12	0.06	10	25.51	0
1000	12	0.06	15	24.72	0
1000	12	0.06	20	25.94	0
1000	12	0.07	4	23.15	0
1000	12	0.07	6	23.51	0
1000	12	0.07	8	23.08	0
1000	12	0.07	10	23.39	0
1000	12	0.07	15	23.26	0
1000	12	0.07	20	23.54	0
1000	12	0.08	4	22.06	0
1000	12	0.08	6	23.32	0
1000	12	0.08	8	22.84	0
1000	12	0.08	10	23.49	0
1000	12	0.08	15	22.99	0
1000	12	0.08	20	22.83	0
1000	12	0.09	4	22.21	0
1000	12	0.09	6	21.85	0
1000	12	0.09	8	21.87	0
1000	12	0.09	10	22.43	0
1000	12	0.09	15	21.51	0
1000	12	0.09	20	22.22	0
1000	12	0.1	4	19.52	0
1000	12	0.1	6	19.89	0
1000	12	0.1	8	20.09	0
1000	12	0.1	10	19.96	0
1000	12	0.1	15	20.19	0
1000	12	0.1	20	20.02	0
1000	12	0.15	4	17.61	0
1000	12	0.15	6	17.54	0
1000	12	0.15	8	17.35	0
1000	12	0.15	10	17.98	0
1000	12	0.15	15	18.05	0
1000	12	0.15	20	17.34	0
1000	25	-1	4	28.36	9055333
1000	25	-1	6	38.66	9854667
1000	25	-1	8	49.98	9254000
1000	25	-1	10	60.1	8898667
1000	25	-1	15	76.52	8340000
1000	25	-1	20	85.41	8105333
1000	25	0	4	27.68	0
1000	25	0	6	38.54	0
1000	25	0	8	49.19	0
1000	25	0	10	58.59	0
1000	25	0	15	75.19	0
1000	25	0	20	81.36	0
1000	25	0.01	4	27.31	0
1000	25	0.01	6	32.46	0
1000	25	0.01	8	36.58	0
1000	25	0.01	10	38.8	0
1000	25	0.01	15	39.4	0
1000	25	0.01	20	38.37	0
1000	25	0.02	4	26.43	0
1000	25	0.02	6	31.79	0
1000	25	0.02	8	32.99	0
1000	25	0.02	10	33.17	0
1000	25	0.02	15	34.19	0
1000	25	0.02	20	33.39	0
1000	25	0.03	4	26.91	0
1000	25	0.03	6	29.63	0
1000	25	0.03	8	30.46	0
1000	25	0.03	10	30.16	0
1000	25	0.03	15	30.79	0
1000	25	0.03	20	30.16	0
1000	25	0.04	4	27.05	0
1000	25	0.04	6	27.93	0
1000	25	0.04	8	27.88	0
1000	25	0.04	10	27.81	0
1000	25	0.04	15	28.41	0
1000	25	0.04	20	28.47	0
1000	25	0.05	4	26.85	0
1000	25	0.05	6	26.72	0
1000	25	0.05	8	27.27	0
1000	25	0.05	10	27.16	0
1000	25	0.05	15	27.19	0
1000	25	0.05	20	27.11	0
1000	25	0.06	4	23.88	0
1000	25	0.06	6	24.69	0
1000	25	0.06	8	24.26	0
1000	25	0.06	10	24.67	0
1000	25	0.06	15	24.29	0
1000	25	0.06	20	24.76	0
1000	25	0.07	4	23.28	0
1000	25	0.07	6	22.84	0
1000	25	0.07	8	23.4	0
1000	25	0.07	10	23.03	0
1000	25	0.07	15	23.65	0
1000	25	0.07	20	22.75	0
1000	25	0.08	4	23.11	0
1000	25	0.08	6	22.65	0
1000	25	0.08	8	22.73	0
1000	25	0.08	10	22.51	0
1000	25	0.08	15	23.22	0
1000	25	0.08	20	23.13	0
1000	25	0.09	4	21.04	0
1000	25	0.09	6	22.23	0
1000	25	0.09	8	22.33	0
1000	25	0.09	10	21.68	0
1000	25	0.09	15	22.84	0
1000	25	0.09	20	21.82	0
1000	25	0.1	4	19.92	0
1000	25	0.1	6	20.17	0
1000	25	0.1	8	19.7	0
1000	25	0.1	10	20.16	0
1000	25	0.1	15	19.54	0
1000	25	0.1	20	19.78	0
1000	25	0.15	4	17.11	0
1000	25	0.15	6	17.65	0
1000	25	0.15	8	17.07	0
1000	25	0.15	10	16.87	0
1000	25	0.15	15	16.89	0
1000	25	0.15	20	17.8	0
1000	50	-1	4	28.39	9875333
1000	50	-1	6	39.5	10330000
1000	50	-1	8	49.99	9368667
1000	50	-1	10	59.18	8701333
1000	50	-1	15	73.81	8241333
1000	50	-1	20	80.32	8152667
1000	50	0	4	27.25	0
1000	50	0	6	38.35	0
1000	50	0	8	49.01	0
1000	50	0	10	57.99	0
1000	50	0	15	72.36	0
1000	50	0	20	77.34	0
1000	50	0.01	4	25.87	0
1000	50	0.01	6	32.38	0
1000	50	0.01	8	35.58	0
1000	50	0.01	10	35.97	0
1000	50	0.01	15	36.52	0
1000	50	0.01	20	37.55	0
1000	50	0.02	4	26.32	0
1000	50	0.02	6	31.37	0
1000	50	0.02	8	32.01	0
1000	50	0.02	10	32.13	0
1000	50	0.02	15	32.39	0
1000	50	0.02	20	32.31	0
1000	50	0.03	4	26.08	0
1000	50	0.03	6	29.09	0
1000	50	0.03	8	30.07	0
1000	50	0.03	10	29.41	0
1000	50	0.03	15	29	0
1000	50	0.03	20	29.83	0
1000	50	0.04	4	25.92	0
1000	50	0.04	6	26.93	0
1000	50	0.04	8	27.8	0
1000	50	0.04	10	27.72	0
1000	50	0.04	15	28.06	0
1000	50	0.04	20	27.74	0
1000	50	0.05	4	25.93	0
1000	50	0.05	6	26.64	0
1000	50	0.05	8	26.33	0
1000	50	0.05	10	26.92	0
1000	50	0.05	15	26.46	0
1000	50	0.05	20	27.05	0
1000	50	0.06	4	24.08	0
1000	50	0.06	6	24.38	0
1000	50	0.06	8	23.7	0
1000	50	0.06	10	24.43	0
1000	50	0.06	15	24.94	0
1000	50	0.06	20	25.76	0
1000	50	0.07	4	22.61	0
1000	50	0.07	6	22.4	0
1000	50	0.07	8	23.29	0
1000	50	0.07	10	22.95	0
1000	50	0.07	15	22.57	0
1000	50	0.07	20	22.84	0
1000	50	0.08	4	21.67	0
1000	50	0.08	6	22.01	0
1000	50	0.08	8	22.72	0
1000	50	0.08	10	22.32	0
1000	50	0.08	15	22.92	0
1000	50	0.08	20	22	0
1000	50	0.09	4	20.84	0
1000	50	0.09	6	21.21	0
1000	50	0.09	8	21.49	0
1000	50	0.09	10	21.35	0
1000	50	0.09	15	21.3	0
1000	50	0.09	20	21.24	0
1000	50	0.1	4	19.72	0
1000	50	0.1	6	19.16	0
1000	50	0.1	8	19.52	0
1000	50	0.1	10	19.35	0
1000	50	0.1	15	19.77	0
1000	50	0.1	20	19.37	0
1000	50	0.15	4	16.67	0
1000	50	0.15	6	17.24	0
1000	50	0.15	8	16.91	0
1000	50	0.15	10	16.54	0
1000	50	0.15	15	17.02	0
1000	50	0.15	20	16.53	0
1000	125	-1	4	27.44	10118000
1000	125	-1	6	39.07	9936000
1000	125	-1	8	48.94	9124000
1000	125	-1	10	57.99	9039333
1000	125	-1	15	73.23	8992667
1000	125	-1	20	70.14	8992667
1000	125	0	4	27.42	0
1000	125	0	6	38.17	0
1000	125	0	8	48.46	0
1000	125	0	10	56.99	0
1000	125	0	15	66.81	0
1000	125	0	20	68.12	0
1000	125	0.01	4	26.38	0
1000	125	0.01	6	32.66	0
1000	125	0.01	8	34.81	0
1000	125	0.01	10	35.37	0
1000	125	0.01	15	35.87	0
1000	125	0.01	20	35.84	0
1000	125	0.02	4	26.6	0
1000	125	0.02	6	31.39	0
1000	125	0.02	8	32.12	0
1000	125	0.02	10	33.13	0
1000	125	0.02	15	32.53	0
1000	125	0.02	20	32.07	0
1000	125	0.03	4	26.88	0
1000	125	0.03	6	29.3	0
1000	125	0.03	8	29.22	0
1000	125	0.03	10	30.2	0
1000	125	0.03	15	29.99	0
1000	125	0.03	20	29.4	0
1000	125	0.04	4	27	0
1000	125	0.04	6	27.89	0
1000	125	0.04	8	28.04	0
1000	125	0.04	10	27.89	0
1000	125	0.04	15	28.26	0
1000	125	0.04	20	27.46	0
1000	125	0.05	4	26.52	0
1000	125	0.05	6	26.65	0
1000	125	0.05	8	26.48	0
1000	125	0.05	10	27.06	0
1000	125	0.05	15	26.81	0
1000	125	0.05	20	27.18	0
1000	125	0.06	4	24.28	0
1000	125	0.06	6	24.8	0
1000	125	0.06	8	24.59	0
1000	125	0.06	10	24.56	0
1000	125	0.06	15	24.49	0
1000	125	0.06	20	24.7	0
1000	125	0.07	4	22.79	0
1000	125	0.07	6	23.41	0
1000	125	0.07	8	22.66	0
1000	125	0.07	10	22.84	0
1000	125	0.07	15	23.25	0
1000	125	0.07	20	22.56	0
1000	125	0.08	4	22.15	0
1000	125	0.08	6	23.26	0
1000	125	0.08	8	23.02	0
1000	125	0.08	10	22.2	0
1000	125	0.08	15	23.42	0
1000	125	0.08	20	22.7	0
1000	125	0.09	4	21.69	0
1000	125	0.09	6	21.78	0
1000	125	0.09	8	21.5	0
1000	125	0.09	10	22.13	0
1000	125	0.09	15	21.96	0
1000	125	0.09	20	22.2	0
1000	125	0.1	4	19.3	0
1000	125	0.1	6	19.61	0
1000	125	0.1	8	19.62	0
1000	125	0.1	10	20.4	0
1000	125	0.1	15	20.19	0
1000	125	0.1	20	19.82	0
1000	125	0.15	4	17.5	0
1000	125	0.15	6	17.29	0
1000	125	0.15	8	16.96	0
1000	125	0.15	10	17.7	0
1000	125	0.15	15	17.05	0
1000	125	0.15	20	17.18	0
1000	250	-1	4	27.41	9899333
1000	250	-1	6	39.2	10286000
1000	250	-1	8	48.87	10187333
1000	250	-1	10	55.91	10044000
1000	250	-1	15	64.85	9979333
1000	250	-1	20	64.94	9979333
1000	250	0	4	27.77	0
1000	250	0	6	37.8	0
1000	250	0	8	48.67	0
1000	250	0	10	55.22	0
1000	250	0	15	62.09	0
1000	250	0	20	63.84	0
1000	250	0.01	4	26.7	0
1000	250	0.01	6	32.2	0
1000	250	0.01	8	35.52	0
1000	250	0.01	10	35.26	0
1000	250	0.01	15	34.99	0
1000	250	0.01	20	34.54	0
1000	250	0.02	4	26.32	0
1000	250	0.02	6	31.43	0
1000	250	0.02	8	32.28	0
1000	250	0.02	10	32.06	0
1000	250	0.02	15	31.88	0
1000	250	0.02	20	31.98	0
1000	250	0.03	4	26.94	0
1000	250	0.03	6	28.9	0
1000	250	0.03	8	30.02	0
1000	250	0.03	10	30.27	0
1000	250	0.03	15	29.88	0
1000	250	0.03	20	30.06	0
1000	250	0.04	4	26.57	0
1000	250	0.04	6	27.37	0
1000	250	0.04	8	27.99	0
1000	250	0.04	10	27.95	0
1000	250	0.04	15	27.54	0
1000	250	0.04	20	28.21	0
1000	250	0.05	4	26.42	0
1000	250	0.05	6	26.81	0
1000	250	0.05	8	27.02	0
1000	250	0.05	10	26.45	0
1000	250	0.05	15	27.1	0
1000	250	0.05	20	26.81	0
1000	250	0.06	4	23.62	0
1000	250	0.06	6	24.71	0
1000	250	0.06	8	24.64	0
1000	250	0.06	10	24.54	0
1000	250	0.06	15	24.64	0
1000	250	0.06	20	24.31	0
1000	250	0.07	4	23.01	0
1000	250	0.07	6	22.69	0
1000	250	0.07	8	22.65	0
1000	250	0.07	10	23.48	0
1000	250	0.07	15	22.73	0
1000	250	0.07	20	23.06	0
1000	250	0.08	4	22.56	0
1000	250	0.08	6	22.05	0
1000	250	0.08	8	22.43	0
1000	250	0.08	10	22.29	0
1000	250	0.08	15	23.06	0
1000	250	0.08	20	23.05	0
1000	250	0.09	4	21.16	0
1000	250	0.09	6	22.1	0
1000	250	0.09	8	21.31	0
1000	250	0.09	10	22.18	0
1000	250	0.09	15	21.76	0
1000	250	0.09	20	21.37	0
1000	250	0.1	4	19.85	0
1000	250	0.1	6	19.85	0
1000	250	0.1	8	19.62	0
1000	250	0.1	10	19.5	0
1000	250	0.1	15	20.05	0
1000	250	0.1	20	19.68	0
1000	250	0.15	4	17.03	0
1000	250	0.15	6	17.17	0
1000	250	0.15	8	17.03	0
1000	250	0.15	10	17.68	0
1000	250	0.15	15	17.22	0
1000	250	0.15	20	17.53	0
1000	500	-1	4	27.92	9999333
1000	500	-1	6	38.99	10024667
1000	500	-1	8	47.71	10002000
1000	500	-1	10	54.2	9937333
1000	500	-1	15	58.42	9937333
1000	500	-1	20	57.84	9937333
1000	500	0	4	27.23	0
1000	500	0	6	38.5	0
1000	500	0	8	47.32	0
1000	500	0	10	52.6	0
1000	500	0	15	55.93	0
1000	500	0	20	55.48	0
1000	500	0.01	4	26.15	0
1000	500	0.01	6	31.76	0
1000	500	0.01	8	34.33	0
1000	500	0.01	10	34.85	0
1000	500	0.01	15	34.61	0
1000	500	0.01	20	34.26	0
1000	500	0.02	4	26.11	0
1000	500	0.02	6	31.84	0
1000	500	0.02	8	31.96	0
1000	500	0.02	10	30.92	0
1000	500	0.02	15	31.83	0
1000	500	0.02	20	31.46	0
1000	500	0.03	4	26.83	0
1000	500	0.03	6	29.72	0
1000	500	0.03	8	29.19	0
1000	500	0.03	10	29.79	0
1000	500	0.03	15	29.97	0
1000	500	0.03	20	29.38	0
1000	500	0.04	4	26.1	0
1000	500	0.04	6	27.66	0
1000	500	0.04	8	27.01	0
1000	500	0.04	10	27.68	0
1000	500	0.04	15	27.6	0
1000	500	0.04	20	27.38	0
1000	500	0.05	4	26.64	0
1000	500	0.05	6	27.78	0
1000	500	0.05	8	29.26	0
1000	500	0.05	10	27.66	0
1000	500	0.05	15	28.92	0
1000	500	0.05	20	28.32	0
1000	500	0.06	4	25.06	0
1000	500	0.06	6	25.77	0
1000	500	0.06	8	25.88	0
1000	500	0.06	10	26.35	0
1000	500	0.06	15	26.96	0
1000	500	0.06	20	24.69	0
1000	500	0.07	4	23.99	0
1000	500	0.07	6	23.71	0
1000	500	0.07	8	23.7	0
1000	500	0.07	10	24.06	0
1000	500	0.07	15	23.14	0
1000	500	0.07	20	23.77	0
1000	500	0.08	4	22.72	0
1000	500	0.08	6	23.6	0
1000	500	0.08	8	23.17	0
1000	500	0.08	10	23.12	0
1000	500	0.08	15	24.65	0
1000	500	0.08	20	23.5	0
1000	500	0.09	4	22.1	0
1000	500	0.09	6	22.89	0
1000	500	0.09	8	22.37	0
1000	500	0.09	10	22.59	0
1000	500	0.09	15	21.96	0
1000	500	0.09	20	22.7	0
1000	500	0.1	4	19.9	0
1000	500	0.1	6	20.08	0
1000	500	0.1	8	20.75	0
1000	500	0.1	10	20.24	0
1000	500	0.1	15	20.89	0
1000	500	0.1	20	20.61	0
1000	500	0.15	4	17.62	0
1000	500	0.15	6	17.87	0
1000	500	0.15	8	18.03	0
1000	500	0.15	10	17.89	0
1000	500	0.15	15	17.27	0
1000	500	0.15	20	18.04	0
