min_split	min_bucket	cp	max_depth	t0	t1	t_seg	ganancia_promedio
350	20	-1	4	00:20:00	00:21:27	87.4658308029175	10166666.6666667
150	20	-1	4	00:20:00	00:21:28	88.2373900413513	10166666.6666667
400	20	-1	4	00:20:00	00:21:31	90.8099129199982	10166666.6666667
100	20	-1	4	00:20:00	00:21:31	91.3256158828735	10166666.6666667
250	20	-1	4	00:20:00	00:21:31	91.4535419940948	10166666.6666667
450	20	-1	4	00:20:00	00:21:33	93.2954859733582	10166666.6666667
200	20	-1	4	00:20:00	00:21:34	94.1939687728882	10166666.6666667
300	20	-1	4	00:20:00	00:21:35	94.6387150287628	10166666.6666667
800	20	-1	4	00:21:35	00:23:01	86.0066690444946	10033333.3333333
600	20	-1	4	00:21:35	00:23:02	86.5793390274048	10166666.6666667
500	20	-1	4	00:21:35	00:23:03	87.9905300140381	10166666.6666667
100	21	-1	4	00:21:35	00:23:04	88.7450971603394	10166666.6666667
550	20	-1	4	00:21:35	00:23:04	88.9629721641541	10166666.6666667
700	20	-1	4	00:21:35	00:23:06	90.7939219474792	10166666.6666667
750	20	-1	4	00:21:35	00:23:07	92.1171591281891	10166666.6666667
650	20	-1	4	00:21:35	00:23:08	93.0926010608673	10166666.6666667
150	21	-1	4	00:23:08	00:24:33	84.8663210868835	10166666.6666667
400	21	-1	4	00:23:08	00:24:34	85.8997280597687	10166666.6666667
250	21	-1	4	00:23:08	00:24:36	87.5957581996918	10166666.6666667
500	21	-1	4	00:23:08	00:24:36	87.7676558494568	10166666.6666667
450	21	-1	4	00:23:08	00:24:38	89.5206499099731	10166666.6666667
300	21	-1	4	00:23:08	00:24:39	90.5270729064941	10166666.6666667
200	21	-1	4	00:23:08	00:24:40	91.5724749565125	10166666.6666667
350	21	-1	4	00:23:08	00:24:41	93.1445829868317	10166666.6666667
100	22	-1	4	00:24:41	00:26:08	86.7992129325867	10166666.6666667
650	21	-1	4	00:24:41	00:26:08	87.0980401039124	10166666.6666667
700	21	-1	4	00:24:41	00:26:09	87.2069799900055	10166666.6666667
600	21	-1	4	00:24:41	00:26:09	88.1524350643158	10166666.6666667
150	22	-1	4	00:24:41	00:26:12	90.2852120399475	10166666.6666667
550	21	-1	4	00:24:41	00:26:12	90.4681069850922	10166666.6666667
750	21	-1	4	00:24:41	00:26:12	91.0277848243713	10166666.6666667
800	21	-1	4	00:24:41	00:26:15	93.6452841758728	10033333.3333333
450	22	-1	4	00:26:15	00:27:40	85.3970189094543	10166666.6666667
550	22	-1	4	00:26:15	00:27:41	85.9417021274567	10166666.6666667
400	22	-1	4	00:26:15	00:27:43	88.4122860431671	10166666.6666667
250	22	-1	4	00:26:15	00:27:43	88.4612579345703	10166666.6666667
500	22	-1	4	00:26:15	00:27:45	89.6665618419647	10166666.6666667
200	22	-1	4	00:26:15	00:27:47	91.5384960174561	10166666.6666667
350	22	-1	4	00:26:15	00:27:47	92.0541980266571	10166666.6666667
300	22	-1	4	00:26:15	00:27:48	92.9376878738403	10166666.6666667
200	23	-1	4	00:27:48	00:29:14	85.5749130249023	10166666.6666667
650	22	-1	4	00:27:48	00:29:16	87.1719980239868	10166666.6666667
700	22	-1	4	00:27:48	00:29:16	87.2719390392303	10166666.6666667
750	22	-1	4	00:27:48	00:29:16	88.0135159492493	10166666.6666667
150	23	-1	4	00:27:48	00:29:18	89.5326430797577	10166666.6666667
600	22	-1	4	00:27:48	00:29:19	90.8918650150299	10166666.6666667
800	22	-1	4	00:27:48	00:29:20	91.3875799179077	10033333.3333333
100	23	-1	4	00:27:48	00:29:21	93.0006530284882	10166666.6666667
550	23	-1	4	00:29:21	00:30:48	86.3314850330353	10166666.6666667
600	23	-1	4	00:29:21	00:30:48	86.4663999080658	10166666.6666667
450	23	-1	4	00:29:21	00:30:49	87.6287350654602	10166666.6666667
250	23	-1	4	00:29:21	00:30:50	88.2203969955444	10166666.6666667
300	23	-1	4	00:29:21	00:30:50	88.3213398456573	10166666.6666667
400	23	-1	4	00:29:21	00:30:52	90.4111411571503	10166666.6666667
500	23	-1	4	00:29:21	00:30:54	92.0352091789246	10166666.6666667
350	23	-1	4	00:29:21	00:30:54	92.6148769855499	10166666.6666667
200	24	-1	4	00:30:54	00:32:18	84.1207478046417	10166666.6666667
800	23	-1	4	00:30:54	00:32:19	84.4055800437927	10033333.3333333
250	24	-1	4	00:30:54	00:32:22	87.7806429862976	10166666.6666667
150	24	-1	4	00:30:54	00:32:23	89.022931098938	10166666.6666667
650	23	-1	4	00:30:54	00:32:24	89.9384059906006	10166666.6666667
100	24	-1	4	00:30:54	00:32:26	91.1796958446503	10166666.6666667
700	23	-1	4	00:30:54	00:32:26	91.6414310932159	10166666.6666667
750	23	-1	4	00:30:54	00:32:27	92.4859437942505	10166666.6666667
450	24	-1	4	00:32:27	00:33:52	85.066202878952	10166666.6666667
650	24	-1	4	00:32:27	00:33:53	85.7518110275269	10166666.6666667
600	24	-1	4	00:32:27	00:33:53	86.0546388626099	10166666.6666667
400	24	-1	4	00:32:27	00:33:54	86.5833349227905	10166666.6666667
300	24	-1	4	00:32:27	00:33:57	89.4686830043793	10166666.6666667
550	24	-1	4	00:32:27	00:33:57	89.7345299720764	10166666.6666667
350	24	-1	4	00:32:27	00:33:59	91.7433738708496	10166666.6666667
500	24	-1	4	00:32:27	00:33:59	92.014219045639	10166666.6666667
700	24	-1	4	00:33:59	00:35:24	85.1091821193695	10166666.6666667
150	25	-1	4	00:33:59	00:35:25	85.2790830135345	10166666.6666667
100	25	-1	4	00:33:59	00:35:26	86.470400094986	10166666.6666667
750	24	-1	4	00:33:59	00:35:28	88.398295879364	10166666.6666667
300	25	-1	4	00:33:59	00:35:29	89.4277040958405	10166666.6666667
800	24	-1	4	00:33:59	00:35:29	89.7065401077271	10033333.3333333
200	25	-1	4	00:33:59	00:35:31	91.8523080348969	10166666.6666667
250	25	-1	4	00:33:59	00:35:31	91.8673181533813	10166666.6666667
450	25	-1	4	00:35:31	00:36:56	85.0352239608765	10166666.6666667
500	25	-1	4	00:35:31	00:36:57	85.2850790023804	10166666.6666667
600	25	-1	4	00:35:31	00:36:57	85.5149519443512	10166666.6666667
700	25	-1	4	00:35:31	00:36:57	85.8687429428101	10166666.6666667
400	25	-1	4	00:35:31	00:36:59	88.1344499588013	10166666.6666667
650	25	-1	4	00:35:31	00:37:01	90.2002592086792	10166666.6666667
550	25	-1	4	00:35:31	00:37:02	90.4141359329224	10166666.6666667
350	25	-1	4	00:35:31	00:37:03	91.4735288619995	10166666.6666667
200	26	-1	4	00:37:03	00:38:29	86.047641992569	10166666.6666667
350	26	-1	4	00:37:03	00:38:30	86.6622910499573	10166666.6666667
250	26	-1	4	00:37:03	00:38:30	86.8511819839478	10166666.6666667
150	26	-1	4	00:37:03	00:38:30	86.9071509838104	10166666.6666667
750	25	-1	4	00:37:03	00:38:31	87.9675419330597	10166666.6666667
100	26	-1	4	00:37:03	00:38:33	90.1113119125366	10166666.6666667
800	25	-1	4	00:37:03	00:38:33	90.2262439727783	10033333.3333333
300	26	-1	4	00:37:03	00:38:35	92.149151802063	10166666.6666667
550	26	-1	4	00:38:35	00:40:02	86.5073800086975	10166666.6666667
750	26	-1	4	00:38:35	00:40:02	86.5583500862122	10166666.6666667
450	26	-1	4	00:38:35	00:40:02	86.9511239528656	10166666.6666667
500	26	-1	4	00:38:35	00:40:02	87.0780498981476	10166666.6666667
700	26	-1	4	00:38:35	00:40:04	88.6791319847107	10166666.6666667
600	26	-1	4	00:38:35	00:40:05	89.2937800884247	10166666.6666667
400	26	-1	4	00:38:35	00:40:07	91.5245010852814	10166666.6666667
650	26	-1	4	00:38:35	00:40:07	91.8922889232635	10166666.6666667
200	27	-1	4	00:40:08	00:41:32	84.2896521091461	10166666.6666667
800	26	-1	4	00:40:08	00:41:33	84.8813140392303	10033333.3333333
300	27	-1	4	00:40:08	00:41:34	86.7472410202026	10166666.6666667
150	27	-1	4	00:40:08	00:41:36	87.957545042038	10166666.6666667
100	27	-1	4	00:40:08	00:41:36	88.8220500946045	10166666.6666667
250	27	-1	4	00:40:08	00:41:37	89.2448070049286	10166666.6666667
350	27	-1	4	00:40:08	00:41:37	89.5766160488129	10166666.6666667
400	27	-1	4	00:40:08	00:41:39	91.7553789615631	10166666.6666667
650	27	-1	4	00:41:39	00:43:05	85.5489301681519	10166666.6666667
500	27	-1	4	00:41:39	00:43:05	85.6398720741272	10166666.6666667
550	27	-1	4	00:41:39	00:43:06	86.6143178939819	10166666.6666667
450	27	-1	4	00:41:39	00:43:06	86.99010014534	10166666.6666667
800	27	-1	4	00:41:39	00:43:08	88.6961188316345	10033333.3333333
600	27	-1	4	00:41:39	00:43:09	89.3357579708099	10166666.6666667
750	27	-1	4	00:41:39	00:43:11	91.5185029506683	10166666.6666667
700	27	-1	4	00:41:39	00:43:11	91.7723579406738	10166666.6666667
450	28	-1	4	00:43:11	00:44:36	84.7613809108734	10166666.6666667
300	28	-1	4	00:43:11	00:44:37	85.2770869731903	10166666.6666667
400	28	-1	4	00:43:11	00:44:38	86.8721709251404	10166666.6666667
200	28	-1	4	00:43:11	00:44:38	87.0060939788818	10166666.6666667
250	28	-1	4	00:43:11	00:44:38	87.0600628852844	10166666.6666667
350	28	-1	4	00:43:11	00:44:41	89.3857250213623	10166666.6666667
150	28	-1	4	00:43:11	00:44:41	89.6875560283661	10166666.6666667
100	28	-1	4	00:43:11	00:44:43	91.4905180931091	10166666.6666667
500	28	-1	4	00:44:43	00:46:07	83.9468479156494	10166666.6666667
600	28	-1	4	00:44:43	00:46:07	84.563493013382	10166666.6666667
800	28	-1	4	00:44:43	00:46:09	86.5933289527893	10033333.3333333
650	28	-1	4	00:44:43	00:46:10	87.5507760047913	10166666.6666667
100	29	-1	4	00:44:43	00:46:12	89.2777869701385	10166666.6666667
700	28	-1	4	00:44:43	00:46:14	91.0217931270599	10166666.6666667
750	28	-1	4	00:44:43	00:46:15	91.7933449745178	10166666.6666667
550	28	-1	4	00:44:43	00:46:15	92.0491979122162	10166666.6666667
150	29	-1	4	00:46:16	00:47:41	85.1061851978302	10166666.6666667
200	29	-1	4	00:46:16	00:47:42	85.797788143158	10166666.6666667
350	29	-1	4	00:46:16	00:47:42	86.099613904953	10166666.6666667
500	29	-1	4	00:46:16	00:47:42	86.4254250526428	10166666.6666667
400	29	-1	4	00:46:16	00:47:44	88.6801309585571	10166666.6666667
300	29	-1	4	00:46:16	00:47:45	88.9429838657379	10166666.6666667
250	29	-1	4	00:46:16	00:47:46	90.7019701004028	10166666.6666667
450	29	-1	4	00:46:16	00:47:47	91.0557670593262	10166666.6666667
600	29	-1	4	00:47:47	00:49:12	84.6564428806305	10166666.6666667
650	29	-1	4	00:47:47	00:49:13	86.413428068161	10166666.6666667
550	29	-1	4	00:47:47	00:49:14	86.8092050552368	10166666.6666667
750	29	-1	4	00:47:47	00:49:14	87.5797591209412	10166666.6666667
800	29	-1	4	00:47:47	00:49:16	89.270791053772	10033333.3333333
100	30	-1	4	00:47:47	00:49:16	89.5056569576263	10166666.6666667
150	30	-1	4	00:47:47	00:49:17	90.1442940235138	10166666.6666667
700	29	-1	4	00:47:47	00:49:18	91.4515690803528	10166666.6666667
250	30	-1	4	00:49:18	00:50:43	85.0712039470673	10166666.6666667
450	30	-1	4	00:49:18	00:50:44	85.4409890174866	10166666.6666667
350	30	-1	4	00:49:18	00:50:44	85.613893032074	10166666.6666667
200	30	-1	4	00:49:18	00:50:46	87.595752954483	10166666.6666667
400	30	-1	4	00:49:18	00:50:48	89.3247618675232	10166666.6666667
500	30	-1	4	00:49:18	00:50:48	89.3767380714417	10166666.6666667
300	30	-1	4	00:49:18	00:50:49	90.1922659873962	10166666.6666667
550	30	-1	4	00:49:18	00:50:49	91.0167889595032	10166666.6666667
700	30	-1	4	00:50:49	00:52:15	85.1521558761597	10166666.6666667
150	31	-1	4	00:50:49	00:52:15	85.7598080635071	10166666.6666667
600	30	-1	4	00:50:49	00:52:16	86.4104359149933	10166666.6666667
750	30	-1	4	00:50:49	00:52:17	87.3349010944366	10166666.6666667
650	30	-1	4	00:50:49	00:52:18	88.6151700019836	10166666.6666667
100	31	-1	4	00:50:49	00:52:18	88.9109990596771	10166666.6666667
200	31	-1	4	00:50:49	00:52:20	90.6350238323212	10166666.6666667
800	30	-1	4	00:50:49	00:52:21	91.2106790542603	10033333.3333333
550	31	-1	4	00:52:21	00:53:45	83.977833032608	10166666.6666667
500	31	-1	4	00:52:21	00:53:46	85.3250529766083	10166666.6666667
400	31	-1	4	00:52:21	00:53:47	86.2655198574066	10166666.6666667
250	31	-1	4	00:52:21	00:53:47	86.6512989997864	10166666.6666667
600	31	-1	4	00:52:21	00:53:50	89.1948409080505	10166666.6666667
450	31	-1	4	00:52:21	00:53:51	90.497092962265	10166666.6666667
300	31	-1	4	00:52:21	00:53:52	91.2506589889526	10166666.6666667
350	31	-1	4	00:52:21	00:53:52	91.3625910282135	10166666.6666667
750	31	-1	4	00:53:52	00:55:18	85.131166934967	10166666.6666667
250	32	-1	4	00:53:52	00:55:18	85.2990720272064	10166666.6666667
100	32	-1	4	00:53:52	00:55:18	85.5459311008453	10166666.6666667
200	32	-1	4	00:53:52	00:55:18	85.8327639102936	10166666.6666667
800	31	-1	4	00:53:52	00:55:20	87.2949249744415	10033333.3333333
150	32	-1	4	00:53:52	00:55:21	88.4412631988525	10166666.6666667
650	31	-1	4	00:53:52	00:55:22	89.1648530960083	10166666.6666667
700	31	-1	4	00:53:52	00:55:24	91.3646111488342	10166666.6666667
400	32	-1	4	00:55:24	00:56:50	85.7987849712372	10166666.6666667
650	32	-1	4	00:55:24	00:56:50	86.282506942749	10166666.6666667
500	32	-1	4	00:55:24	00:56:50	86.3174798488617	10166666.6666667
600	32	-1	4	00:55:24	00:56:52	87.7196819782257	10166666.6666667
550	32	-1	4	00:55:24	00:56:52	88.0025179386139	10166666.6666667
300	32	-1	4	00:55:24	00:56:52	88.0884718894958	10166666.6666667
350	32	-1	4	00:55:24	00:56:54	90.3561699390411	10166666.6666667
450	32	-1	4	00:55:24	00:56:56	92.0552241802216	10166666.6666667
700	32	-1	4	00:56:56	00:58:22	86.2665178775787	10166666.6666667
800	32	-1	4	00:56:56	00:58:22	86.3144910335541	10033333.3333333
300	33	-1	4	00:56:56	00:58:22	86.3554680347443	10166666.6666667
250	33	-1	4	00:56:56	00:58:23	86.7622330188751	10166666.6666667
750	32	-1	4	00:56:56	00:58:23	86.7882192134857	10166666.6666667
200	33	-1	4	00:56:56	00:58:25	89.2617979049683	10166666.6666667
100	33	-1	4	00:56:56	00:58:27	91.4835247993469	10166666.6666667
150	33	-1	4	00:56:56	00:58:28	91.7743580341339	10166666.6666667
700	33	-1	4	00:58:28	00:59:52	84.6604368686676	10166666.6666667
650	33	-1	4	00:58:28	00:59:54	85.8347611427307	10166666.6666667
450	33	-1	4	00:58:28	00:59:54	86.5053768157959	10166666.6666667
500	33	-1	4	00:58:28	00:59:55	87.3768808841705	10166666.6666667
350	33	-1	4	00:58:28	00:59:57	89.503662109375	10166666.6666667
400	33	-1	4	00:58:28	00:59:58	90.197261095047	10166666.6666667
600	33	-1	4	00:58:28	00:59:59	91.4365510940552	10166666.6666667
550	33	-1	4	00:58:28	00:59:59	91.5374898910522	10166666.6666667
800	33	-1	4	00:59:59	01:01:23	84.1037578582764	10033333.3333333
300	34	-1	4	00:59:59	01:01:24	84.7094099521637	10166666.6666667
100	34	-1	4	00:59:59	01:01:27	87.2469539642334	10166666.6666667
350	34	-1	4	00:59:59	01:01:27	87.8236269950867	10166666.6666667
200	34	-1	4	00:59:59	01:01:28	88.3683099746704	10166666.6666667
150	34	-1	4	00:59:59	01:01:28	88.7920730113983	10166666.6666667
250	34	-1	4	00:59:59	01:01:29	89.8394689559937	10166666.6666667
750	33	-1	4	00:59:59	01:01:31	91.8473129272461	10166666.6666667
600	34	-1	4	01:01:31	01:02:55	83.9518461227417	10166666.6666667
650	34	-1	4	01:01:31	01:02:55	84.1647219657898	10166666.6666667
400	34	-1	4	01:01:31	01:02:57	85.6028990745544	10166666.6666667
750	34	-1	4	01:01:31	01:02:58	86.4753999710083	10166666.6666667
500	34	-1	4	01:01:31	01:03:00	88.862025976181	10166666.6666667
550	34	-1	4	01:01:31	01:03:01	89.2987780570984	10166666.6666667
450	34	-1	4	01:01:31	01:03:01	89.3177690505981	10166666.6666667
700	34	-1	4	01:01:31	01:03:03	91.5604898929596	10166666.6666667
800	34	-1	4	01:03:03	01:04:28	85.2161219120026	10033333.3333333
150	35	-1	4	01:03:03	01:04:29	85.7678000926971	10166666.6666667
200	35	-1	4	01:03:03	01:04:29	86.1046099662781	10166666.6666667
350	35	-1	4	01:03:03	01:04:31	87.8196241855621	10166666.6666667
300	35	-1	4	01:03:03	01:04:32	88.6931250095367	10166666.6666667
250	35	-1	4	01:03:03	01:04:32	89.0579171180725	10166666.6666667
100	35	-1	4	01:03:03	01:04:32	89.6225941181183	10166666.6666667
400	35	-1	4	01:03:03	01:04:34	91.4605531692505	10166666.6666667
600	35	-1	4	01:04:34	01:05:58	84.1467278003693	10166666.6666667
750	35	-1	4	01:04:34	01:05:59	84.9792499542236	10166666.6666667
550	35	-1	4	01:04:34	01:06:01	86.3154890537262	10166666.6666667
700	35	-1	4	01:04:34	01:06:02	87.3079168796539	10166666.6666667
500	35	-1	4	01:04:34	01:06:03	88.4892420768738	10166666.6666667
650	35	-1	4	01:04:34	01:06:04	90.1033160686493	10166666.6666667
800	35	-1	4	01:04:34	01:06:05	90.8618741035461	10033333.3333333
450	35	-1	4	01:04:34	01:06:05	90.9268441200256	10166666.6666667
250	36	-1	4	01:06:05	01:07:29	84.056783914566	10096666.6666667
150	36	-1	4	01:06:05	01:07:30	84.6104650497437	10096666.6666667
100	36	-1	4	01:06:05	01:07:31	85.8667459487915	10096666.6666667
400	36	-1	4	01:06:05	01:07:33	87.8755900859833	10096666.6666667
300	36	-1	4	01:06:05	01:07:34	88.3962960243225	10096666.6666667
450	36	-1	4	01:06:05	01:07:34	88.64914894104	10096666.6666667
200	36	-1	4	01:06:05	01:07:35	89.5636241436005	10096666.6666667
350	36	-1	4	01:06:05	01:07:37	91.7003979682922	10096666.6666667
550	36	-1	4	01:07:37	01:09:02	85.2051260471344	10096666.6666667
800	36	-1	4	01:07:37	01:09:03	85.7178320884705	10033333.3333333
750	36	-1	4	01:07:37	01:09:03	86.3694570064545	10096666.6666667
650	36	-1	4	01:07:37	01:09:04	86.7052628993988	10096666.6666667
600	36	-1	4	01:07:37	01:09:06	88.930988073349	10096666.6666667
100	37	-1	4	01:07:37	01:09:06	89.3867259025574	10096666.6666667
700	36	-1	4	01:07:37	01:09:07	90.0013740062714	10096666.6666667
500	36	-1	4	01:07:37	01:09:09	92.3450310230255	10096666.6666667
400	37	-1	4	01:09:09	01:10:34	84.2936499118805	10096666.6666667
200	37	-1	4	01:09:09	01:10:34	84.53151512146	10096666.6666667
250	37	-1	4	01:09:09	01:10:35	85.1701447963715	10096666.6666667
150	37	-1	4	01:09:09	01:10:36	86.7152609825134	10096666.6666667
300	37	-1	4	01:09:09	01:10:37	87.9785399436951	10096666.6666667
500	37	-1	4	01:09:09	01:10:39	89.7485201358795	10096666.6666667
450	37	-1	4	01:09:09	01:10:40	90.5460610389709	10096666.6666667
350	37	-1	4	01:09:09	01:10:40	90.6539969444275	10096666.6666667
700	37	-1	4	01:10:40	01:12:04	83.7669532299042	10096666.6666667
600	37	-1	4	01:10:40	01:12:05	84.4165811538696	10096666.6666667
650	37	-1	4	01:10:40	01:12:06	85.5409350395203	10096666.6666667
750	37	-1	4	01:10:40	01:12:08	87.5967531204224	10096666.6666667
800	37	-1	4	01:10:40	01:12:08	87.8006410598755	10033333.3333333
150	38	-1	4	01:10:40	01:12:09	89.2358109951019	10096666.6666667
550	37	-1	4	01:10:40	01:12:11	90.7709279060364	10096666.6666667
100	38	-1	4	01:10:40	01:12:11	91.1277282238007	10096666.6666667
300	38	-1	4	01:12:12	01:13:35	83.5380821228027	10096666.6666667
450	38	-1	4	01:12:12	01:13:36	84.2346830368042	10096666.6666667
250	38	-1	4	01:12:12	01:13:36	84.3686058521271	10096666.6666667
200	38	-1	4	01:12:12	01:13:40	87.7856459617615	10096666.6666667
350	38	-1	4	01:12:12	01:13:40	88.2553741931915	10096666.6666667
550	38	-1	4	01:12:12	01:13:41	89.4297029972076	10096666.6666667
400	38	-1	4	01:12:12	01:13:42	90.5790450572968	10096666.6666667
500	38	-1	4	01:12:12	01:13:44	91.8693001270294	10096666.6666667
800	38	-1	4	01:13:44	01:15:08	84.0497901439667	10033333.3333333
150	39	-1	4	01:13:44	01:15:08	84.6744329929352	10096666.6666667
600	38	-1	4	01:13:44	01:15:10	86.3444700241089	10096666.6666667
200	39	-1	4	01:13:44	01:15:11	87.2209680080414	10096666.6666667
650	38	-1	4	01:13:44	01:15:12	88.4422659873962	10096666.6666667
750	38	-1	4	01:13:44	01:15:12	88.7081120014191	10096666.6666667
700	38	-1	4	01:13:44	01:15:15	90.8189051151276	10096666.6666667
100	39	-1	4	01:13:44	01:15:15	91.228688955307	10096666.6666667
500	39	-1	4	01:15:15	01:16:39	83.8528950214386	10096666.6666667
450	39	-1	4	01:15:15	01:16:40	84.6004729270935	10096666.6666667
400	39	-1	4	01:15:15	01:16:40	84.6394529342651	10096666.6666667
600	39	-1	4	01:15:15	01:16:41	85.2640929222107	10096666.6666667
550	39	-1	4	01:15:15	01:16:43	87.1290190219879	10096666.6666667
300	39	-1	4	01:15:15	01:16:44	88.5022280216217	10096666.6666667
250	39	-1	4	01:15:15	01:16:46	90.082328081131	10096666.6666667
350	39	-1	4	01:15:15	01:16:47	91.5165030956268	10096666.6666667
800	39	-1	4	01:16:47	01:18:12	84.6964099407196	10033333.3333333
750	39	-1	4	01:16:47	01:18:12	85.4250009059906	10096666.6666667
100	40	-1	4	01:16:47	01:18:14	86.8131968975067	10096666.6666667
700	39	-1	4	01:16:47	01:18:14	87.132022857666	10096666.6666667
250	40	-1	4	01:16:47	01:18:14	87.3129091262817	10096666.6666667
200	40	-1	4	01:16:47	01:18:15	87.986526966095	10096666.6666667
150	40	-1	4	01:16:47	01:18:16	89.4356961250305	10096666.6666667
650	39	-1	4	01:16:47	01:18:18	91.4185581207275	10096666.6666667
400	40	-1	4	01:18:18	01:19:43	84.3785979747772	10096666.6666667
600	40	-1	4	01:18:18	01:19:43	84.836333990097	10096666.6666667
450	40	-1	4	01:18:18	01:19:43	84.9602670669556	10096666.6666667
300	40	-1	4	01:18:18	01:19:44	85.6308829784393	10096666.6666667
350	40	-1	4	01:18:18	01:19:45	87.0330770015717	10096666.6666667
550	40	-1	4	01:18:18	01:19:48	89.4346930980682	10096666.6666667
500	40	-1	4	01:18:18	01:19:49	90.3401801586151	10096666.6666667
650	40	-1	4	01:18:18	01:19:49	90.7859201431274	10096666.6666667
700	40	-1	4	01:19:50	01:21:15	85.5359370708466	10096666.6666667
750	40	-1	4	01:19:50	01:21:20	89.9154250621796	10096666.6666667
800	40	-1	4	01:19:50	01:21:22	92.2790689468384	10033333.3333333
150	20	-1	5	01:19:50	01:21:29	99.809751033783	10923333.3333333
250	20	-1	5	01:19:50	01:21:30	100.484358072281	10923333.3333333
300	20	-1	5	01:19:50	01:21:31	101.511770963669	10923333.3333333
200	20	-1	5	01:19:50	01:21:32	102.267337083817	10923333.3333333
100	20	-1	5	01:19:50	01:21:33	103.19380903244	10683333.3333333
600	20	-1	5	01:21:33	01:23:17	104.002342939377	10923333.3333333
650	20	-1	5	01:21:33	01:23:18	104.856855154037	10923333.3333333
450	20	-1	5	01:21:33	01:23:19	106.124127864838	10923333.3333333
550	20	-1	5	01:21:33	01:23:20	106.597856044769	10923333.3333333
700	20	-1	5	01:21:33	01:23:20	106.875694990158	10923333.3333333
500	20	-1	5	01:21:33	01:23:22	109.33728313446	10923333.3333333
350	20	-1	5	01:21:33	01:23:23	110.055867910385	10923333.3333333
400	20	-1	5	01:21:33	01:23:24	110.921371936798	10923333.3333333
350	21	-1	5	01:23:24	01:25:08	103.511626958847	10923333.3333333
800	20	-1	5	01:23:24	01:25:08	104.165250062943	10790000
200	21	-1	5	01:23:24	01:25:09	104.785895109177	10923333.3333333
100	21	-1	5	01:23:24	01:25:09	105.321588993073	10683333.3333333
750	20	-1	5	01:23:24	01:25:11	107.048599004745	10923333.3333333
300	21	-1	5	01:23:24	01:25:14	109.564152002335	10923333.3333333
150	21	-1	5	01:23:24	01:25:14	109.847981929779	10923333.3333333
250	21	-1	5	01:23:24	01:25:16	111.400095939636	10923333.3333333
400	21	-1	5	01:25:16	01:27:00	104.246205091476	10923333.3333333
700	21	-1	5	01:25:16	01:27:00	104.835862874985	10923333.3333333
650	21	-1	5	01:25:16	01:27:03	107.186512947083	10923333.3333333
600	21	-1	5	01:25:16	01:27:03	107.601279020309	10923333.3333333
500	21	-1	5	01:25:16	01:27:04	107.995055913925	10923333.3333333
450	21	-1	5	01:25:16	01:27:04	108.119984149933	10923333.3333333
750	21	-1	5	01:25:16	01:27:05	109.843992948532	10923333.3333333
550	21	-1	5	01:25:16	01:27:07	111.665943145752	10923333.3333333
350	22	-1	5	01:27:07	01:28:50	102.856997966766	10923333.3333333
300	22	-1	5	01:27:07	01:28:51	103.8934071064	10923333.3333333
250	22	-1	5	01:27:07	01:28:52	104.670960903168	10923333.3333333
200	22	-1	5	01:27:07	01:28:53	106.010186910629	10923333.3333333
100	22	-1	5	01:27:07	01:28:55	107.579291820526	10683333.3333333
800	21	-1	5	01:27:07	01:28:56	108.889537811279	10790000
150	22	-1	5	01:27:07	01:28:58	110.249758005142	10923333.3333333
400	22	-1	5	01:27:07	01:29:00	112.400529146194	10923333.3333333
450	22	-1	5	01:29:00	01:30:43	103.110857009888	10923333.3333333
750	22	-1	5	01:29:00	01:30:44	104.567022800446	10923333.3333333
550	22	-1	5	01:29:00	01:30:44	104.748916864395	10923333.3333333
600	22	-1	5	01:29:00	01:30:46	106.284034013748	10923333.3333333
800	22	-1	5	01:29:00	01:30:49	109.362262964249	10790000
650	22	-1	5	01:29:00	01:30:49	109.633111953735	10923333.3333333
700	22	-1	5	01:29:00	01:30:50	110.082854032516	10923333.3333333
500	22	-1	5	01:29:00	01:30:51	111.5939848423	10923333.3333333
200	23	-1	5	01:30:51	01:32:34	103.014914989471	10976666.6666667
400	23	-1	5	01:30:51	01:32:35	103.196805953979	10976666.6666667
350	23	-1	5	01:30:51	01:32:35	103.673535108566	10976666.6666667
300	23	-1	5	01:30:51	01:32:38	106.686804056168	10976666.6666667
150	23	-1	5	01:30:51	01:32:39	107.498336076736	10976666.6666667
250	23	-1	5	01:30:51	01:32:40	108.996475934982	10976666.6666667
450	23	-1	5	01:30:51	01:32:42	110.496618032455	10976666.6666667
100	23	-1	5	01:30:51	01:32:43	111.966773986816	10736666.6666667
700	23	-1	5	01:32:43	01:34:27	103.582581043243	10976666.6666667
650	23	-1	5	01:32:43	01:34:28	104.166247844696	10976666.6666667
800	23	-1	5	01:32:43	01:34:29	105.780321836472	10843333.3333333
500	23	-1	5	01:32:43	01:34:30	106.110136985779	10976666.6666667
550	23	-1	5	01:32:43	01:34:32	108.829572200775	10976666.6666667
750	23	-1	5	01:32:43	01:34:33	109.213349103928	10976666.6666667
600	23	-1	5	01:32:43	01:34:33	109.331285953522	10976666.6666667
100	24	-1	5	01:32:43	01:34:35	111.867843151093	10736666.6666667
200	24	-1	5	01:34:35	01:36:19	103.60557103157	10976666.6666667
300	24	-1	5	01:34:35	01:36:20	104.527040958405	10976666.6666667
150	24	-1	5	01:34:35	01:36:21	105.560450077057	10976666.6666667
400	24	-1	5	01:34:35	01:36:22	106.269042015076	10976666.6666667
350	24	-1	5	01:34:35	01:36:23	107.506330966949	10976666.6666667
500	24	-1	5	01:34:35	01:36:24	108.592709779739	10976666.6666667
450	24	-1	5	01:34:35	01:36:25	109.444218158722	10976666.6666667
250	24	-1	5	01:34:35	01:36:27	111.925797939301	10976666.6666667
700	24	-1	5	01:36:27	01:38:12	104.466078996658	10976666.6666667
800	24	-1	5	01:36:27	01:38:13	105.337577104568	10843333.3333333
600	24	-1	5	01:36:27	01:38:13	105.807307958603	10976666.6666667
100	25	-1	5	01:36:27	01:38:14	106.217072963715	10736666.6666667
550	24	-1	5	01:36:27	01:38:15	107.293455839157	10976666.6666667
750	24	-1	5	01:36:27	01:38:15	107.451365947723	10976666.6666667
150	25	-1	5	01:36:27	01:38:18	110.625561952591	10976666.6666667
650	24	-1	5	01:36:27	01:38:18	110.870429039001	10976666.6666667
450	25	-1	5	01:38:18	01:40:02	103.750488042831	10976666.6666667
500	25	-1	5	01:38:18	01:40:03	104.276184082031	10976666.6666667
200	25	-1	5	01:38:18	01:40:03	104.603999853134	10976666.6666667
350	25	-1	5	01:38:18	01:40:04	105.942232131958	10976666.6666667
250	25	-1	5	01:38:18	01:40:07	109.083433151245	10976666.6666667
550	25	-1	5	01:38:18	01:40:08	109.344280004501	10976666.6666667
300	25	-1	5	01:38:18	01:40:09	110.468638896942	10976666.6666667
400	25	-1	5	01:38:18	01:40:11	112.285587072372	10976666.6666667
200	26	-1	5	01:40:11	01:41:54	103.025903940201	10976666.6666667
600	25	-1	5	01:40:11	01:41:54	103.450662136078	10976666.6666667
750	25	-1	5	01:40:11	01:41:55	104.220220088959	10976666.6666667
650	25	-1	5	01:40:11	01:41:56	105.546458005905	10976666.6666667
150	26	-1	5	01:40:11	01:41:58	107.500335931778	10976666.6666667
800	25	-1	5	01:40:11	01:41:58	107.630261898041	10843333.3333333
700	25	-1	5	01:40:11	01:42:00	109.54616189003	10976666.6666667
100	26	-1	5	01:40:11	01:42:02	111.217212915421	10736666.6666667
450	26	-1	5	01:42:02	01:43:46	104.407105922699	10976666.6666667
400	26	-1	5	01:42:02	01:43:46	104.430094003677	10976666.6666667
250	26	-1	5	01:42:02	01:43:48	106.47992181778	10976666.6666667
300	26	-1	5	01:42:02	01:43:49	106.892685890198	10976666.6666667
600	26	-1	5	01:42:02	01:43:49	107.053593158722	10976666.6666667
500	26	-1	5	01:42:02	01:43:52	110.102844953537	10976666.6666667
550	26	-1	5	01:42:02	01:43:52	110.174801111221	10976666.6666667
350	26	-1	5	01:42:02	01:43:54	112.150670051575	10976666.6666667
200	27	-1	5	01:43:54	01:45:37	102.833014965057	10976666.6666667
750	26	-1	5	01:43:54	01:45:38	103.615563154221	10976666.6666667
800	26	-1	5	01:43:54	01:45:42	107.753189086914	10843333.3333333
700	26	-1	5	01:43:54	01:45:42	108.320867061615	10976666.6666667
100	27	-1	5	01:43:54	01:45:45	110.829417943954	10736666.6666667
250	27	-1	5	01:43:54	01:45:45	111.364119052887	10976666.6666667
150	27	-1	5	01:43:54	01:45:46	111.789871931076	10976666.6666667
650	26	-1	5	01:43:54	01:45:47	112.638382911682	10976666.6666667
350	27	-1	5	01:45:47	01:47:30	102.992923974991	10976666.6666667
650	27	-1	5	01:45:47	01:47:31	103.658543109894	10976666.6666667
400	27	-1	5	01:45:47	01:47:32	104.904825925827	10976666.6666667
600	27	-1	5	01:45:47	01:47:35	107.706219911575	10976666.6666667
550	27	-1	5	01:45:47	01:47:35	108.336856842041	10976666.6666667
500	27	-1	5	01:45:47	01:47:36	108.530740022659	10976666.6666667
450	27	-1	5	01:45:47	01:47:36	109.349276781082	10976666.6666667
300	27	-1	5	01:45:47	01:47:38	111.367117166519	10976666.6666667
300	28	-1	5	01:47:38	01:49:24	105.549458026886	10976666.6666667
250	28	-1	5	01:47:38	01:49:24	105.824294090271	10976666.6666667
150	28	-1	5	01:47:38	01:49:25	106.22407078743	10976666.6666667
100	28	-1	5	01:47:38	01:49:25	106.473926067352	10736666.6666667
200	28	-1	5	01:47:38	01:49:27	108.363840818405	10976666.6666667
750	27	-1	5	01:47:38	01:49:28	109.622115850449	10976666.6666667
800	27	-1	5	01:47:38	01:49:28	109.659095048904	10843333.3333333
700	27	-1	5	01:47:38	01:49:30	111.900811195374	10976666.6666667
650	28	-1	5	01:49:30	01:51:14	103.900399208069	10976666.6666667
450	28	-1	5	01:49:30	01:51:14	104.068300008774	10976666.6666667
700	28	-1	5	01:49:30	01:51:15	104.434096097946	10976666.6666667
350	28	-1	5	01:49:30	01:51:15	104.647975206375	10976666.6666667
400	28	-1	5	01:49:30	01:51:19	108.898534059525	10976666.6666667
600	28	-1	5	01:49:30	01:51:19	109.018465995789	10976666.6666667
550	28	-1	5	01:49:30	01:51:21	110.702502965927	10976666.6666667
500	28	-1	5	01:49:30	01:51:22	111.15123796463	10976666.6666667
300	29	-1	5	01:51:22	01:53:04	102.017477989197	10976666.6666667
800	28	-1	5	01:51:22	01:53:04	102.704089164734	10843333.3333333
150	29	-1	5	01:51:22	01:53:06	104.396118164062	10976666.6666667
100	29	-1	5	01:51:22	01:53:06	104.827867984772	10736666.6666667
350	29	-1	5	01:51:22	01:53:10	108.871549129486	10976666.6666667
750	28	-1	5	01:51:22	01:53:11	109.233342170715	10976666.6666667
200	29	-1	5	01:51:22	01:53:12	109.998903989792	10976666.6666667
250	29	-1	5	01:51:22	01:53:13	111.081279039383	10976666.6666667
550	29	-1	5	01:53:13	01:54:58	104.658967971802	10976666.6666667
700	29	-1	5	01:53:13	01:54:58	105.195656061172	10976666.6666667
600	29	-1	5	01:53:13	01:54:58	105.491489171982	10976666.6666667
450	29	-1	5	01:53:13	01:55:00	106.803735017776	10976666.6666667
750	29	-1	5	01:53:13	01:55:01	108.046021938324	10976666.6666667
500	29	-1	5	01:53:13	01:55:02	108.799591064453	10976666.6666667
400	29	-1	5	01:53:13	01:55:03	109.809006929398	10976666.6666667
650	29	-1	5	01:53:13	01:55:05	111.933799982071	10976666.6666667
150	30	-1	5	01:55:05	01:56:52	106.871701002121	10976666.6666667
200	30	-1	5	01:55:05	01:56:52	107.218501091003	10976666.6666667
400	30	-1	5	01:55:05	01:56:52	107.550306081772	10976666.6666667
100	30	-1	5	01:55:05	01:56:53	107.680234909058	10736666.6666667
800	29	-1	5	01:55:05	01:56:53	108.278891086578	10843333.3333333
300	30	-1	5	01:55:05	01:56:54	109.194365024567	10976666.6666667
250	30	-1	5	01:55:05	01:56:55	110.405664920807	10976666.6666667
350	30	-1	5	01:55:05	01:56:58	113.013173818588	10976666.6666667
500	30	-1	5	01:56:58	01:58:42	103.85343003273	10976666.6666667
700	30	-1	5	01:56:58	01:58:42	104.445089817047	10976666.6666667
550	30	-1	5	01:56:58	01:58:43	104.596003055573	10976666.6666667
800	30	-1	5	01:56:58	01:58:45	107.298453092575	10843333.3333333
750	30	-1	5	01:56:58	01:58:46	108.221923112869	10976666.6666667
600	30	-1	5	01:56:58	01:58:47	109.208357095718	10976666.6666667
450	30	-1	5	01:56:58	01:58:47	109.490195035934	10976666.6666667
650	30	-1	5	01:56:58	01:58:50	111.657958030701	10976666.6666667
100	31	-1	5	01:58:50	02:00:34	104.228215932846	10736666.6666667
450	31	-1	5	01:58:50	02:00:34	104.400112867355	10976666.6666667
150	31	-1	5	01:58:50	02:00:35	105.206655025482	10976666.6666667
250	31	-1	5	01:58:50	02:00:35	105.796314954758	10976666.6666667
400	31	-1	5	01:58:50	02:00:37	107.538316011429	10976666.6666667
200	31	-1	5	01:58:50	02:00:39	109.706068992615	10976666.6666667
300	31	-1	5	01:58:50	02:00:42	111.928795814514	10976666.6666667
350	31	-1	5	01:58:50	02:00:42	112.148666858673	10976666.6666667
100	32	-1	5	02:00:42	02:02:24	102.025476932526	10736666.6666667
500	31	-1	5	02:00:42	02:02:25	103.578587055206	10976666.6666667
650	31	-1	5	02:00:42	02:02:26	104.190233945847	10976666.6666667
800	31	-1	5	02:00:42	02:02:29	107.65825009346	10843333.3333333
750	31	-1	5	02:00:42	02:02:31	109.411241054535	10976666.6666667
600	31	-1	5	02:00:42	02:02:33	111.047299861908	10976666.6666667
700	31	-1	5	02:00:42	02:02:33	111.331140041351	10976666.6666667
550	31	-1	5	02:00:42	02:02:34	112.218631982803	10976666.6666667
300	32	-1	5	02:02:35	02:04:17	102.376272916794	10976666.6666667
450	32	-1	5	02:02:35	02:04:18	103.021900177002	10976666.6666667
500	32	-1	5	02:02:35	02:04:20	105.628410100937	10976666.6666667
150	32	-1	5	02:02:35	02:04:22	107.365411996841	10976666.6666667
250	32	-1	5	02:02:35	02:04:23	108.943508863449	10976666.6666667
400	32	-1	5	02:02:35	02:04:26	111.020317792892	10976666.6666667
200	32	-1	5	02:02:35	02:04:26	111.231195926666	10976666.6666667
350	32	-1	5	02:02:35	02:04:27	112.669376850128	10976666.6666667
150	33	-1	5	02:04:27	02:06:11	103.544580936432	10976666.6666667
750	32	-1	5	02:04:27	02:06:12	104.320137023926	10976666.6666667
700	32	-1	5	02:04:27	02:06:12	104.321135044098	10976666.6666667
550	32	-1	5	02:04:27	02:06:13	105.890238046646	10976666.6666667
600	32	-1	5	02:04:27	02:06:16	108.631662845612	10976666.6666667
100	33	-1	5	02:04:27	02:06:17	109.731029987335	10736666.6666667
650	32	-1	5	02:04:27	02:06:18	110.504586935043	10976666.6666667
800	32	-1	5	02:04:27	02:06:18	110.755441904068	10843333.3333333
500	33	-1	5	02:06:18	02:08:03	105.383552074432	10976666.6666667
450	33	-1	5	02:06:18	02:08:04	105.875268936157	10976666.6666667
300	33	-1	5	02:06:18	02:08:05	106.47092795372	10976666.6666667
250	33	-1	5	02:06:18	02:08:05	106.74276804924	10976666.6666667
200	33	-1	5	02:06:18	02:08:06	107.792171001434	10976666.6666667
350	33	-1	5	02:06:18	02:08:06	108.067013978958	10976666.6666667
550	33	-1	5	02:06:18	02:08:09	111.052299022675	10976666.6666667
400	33	-1	5	02:06:18	02:08:10	111.903810024261	10976666.6666667
150	34	-1	5	02:08:10	02:09:55	104.621985197067	10976666.6666667
100	34	-1	5	02:08:10	02:09:56	105.24662899971	10736666.6666667
600	33	-1	5	02:08:10	02:09:56	105.910252094269	10976666.6666667
200	34	-1	5	02:08:10	02:09:57	106.320013046265	10976666.6666667
800	33	-1	5	02:08:10	02:09:58	107.580285072327	10843333.3333333
700	33	-1	5	02:08:10	02:10:01	110.444652080536	10976666.6666667
750	33	-1	5	02:08:10	02:10:02	111.452069044113	10976666.6666667
650	33	-1	5	02:08:10	02:10:02	111.48804807663	10976666.6666667
400	34	-1	5	02:10:02	02:11:47	105.286607980728	10976666.6666667
250	34	-1	5	02:10:02	02:11:47	105.513476133347	10976666.6666667
350	34	-1	5	02:10:02	02:11:48	106.1121301651	10976666.6666667
450	34	-1	5	02:10:02	02:11:48	106.419955968857	10976666.6666667
600	34	-1	5	02:10:02	02:11:49	107.605276823044	10976666.6666667
300	34	-1	5	02:10:02	02:11:50	108.452790021896	10976666.6666667
550	34	-1	5	02:10:02	02:11:52	110.542593002319	10976666.6666667
500	34	-1	5	02:10:02	02:11:55	113.153091907501	10976666.6666667
200	35	-1	5	02:11:55	02:13:38	102.923961162567	10976666.6666667
700	34	-1	5	02:11:55	02:13:39	103.607572078705	10976666.6666667
150	35	-1	5	02:11:55	02:13:39	104.24320602417	10976666.6666667
100	35	-1	5	02:11:55	02:13:42	106.875694990158	10736666.6666667
750	34	-1	5	02:11:55	02:13:44	108.598704099655	10976666.6666667
250	35	-1	5	02:11:55	02:13:44	108.964495897293	10976666.6666667
800	34	-1	5	02:11:55	02:13:46	110.643532991409	10843333.3333333
650	34	-1	5	02:11:55	02:13:47	111.626969814301	10976666.6666667
650	35	-1	5	02:13:47	02:15:30	102.848004102707	10976666.6666667
350	35	-1	5	02:13:47	02:15:30	103.289752960205	10976666.6666667
600	35	-1	5	02:13:47	02:15:32	105.480493068695	10976666.6666667
300	35	-1	5	02:13:47	02:15:34	107.424381017685	10976666.6666667
450	35	-1	5	02:13:47	02:15:34	107.522321939468	10976666.6666667
400	35	-1	5	02:13:47	02:15:36	108.984488964081	10976666.6666667
500	35	-1	5	02:13:47	02:15:36	109.191367149353	10976666.6666667
550	35	-1	5	02:13:47	02:15:38	111.457065105438	10976666.6666667
150	36	-1	5	02:15:38	02:17:21	102.908972024918	10806666.6666667
250	36	-1	5	02:15:38	02:17:21	102.966939926147	10806666.6666667
300	36	-1	5	02:15:38	02:17:23	104.376131057739	10806666.6666667
200	36	-1	5	02:15:38	02:17:24	105.620417118073	10806666.6666667
800	35	-1	5	02:15:38	02:17:27	108.190938949585	10843333.3333333
100	36	-1	5	02:15:38	02:17:28	109.38525891304	10430000
750	35	-1	5	02:15:38	02:17:28	109.661103010178	10976666.6666667
700	35	-1	5	02:15:38	02:17:31	112.218634843826	10976666.6666667
350	36	-1	5	02:17:31	02:19:14	103.759485006332	10806666.6666667
500	36	-1	5	02:17:31	02:19:15	104.357142210007	10806666.6666667
700	36	-1	5	02:17:31	02:19:16	105.486488103867	10906666.6666667
450	36	-1	5	02:17:31	02:19:17	106.377983093262	10806666.6666667
400	36	-1	5	02:17:31	02:19:19	108.420811891556	10806666.6666667
650	36	-1	5	02:17:31	02:19:19	108.697652101517	10806666.6666667
550	36	-1	5	02:17:31	02:19:21	110.769455909729	10806666.6666667
600	36	-1	5	02:17:31	02:19:22	111.064287900925	10806666.6666667
250	37	-1	5	02:19:22	02:21:07	105.615416049957	10806666.6666667
200	37	-1	5	02:19:22	02:21:07	105.677383184433	10806666.6666667
350	37	-1	5	02:19:22	02:21:08	106.478918790817	10806666.6666667
300	37	-1	5	02:19:22	02:21:08	106.714783906937	10806666.6666667
100	37	-1	5	02:19:22	02:21:09	107.142538070679	10430000
150	37	-1	5	02:19:22	02:21:10	108.195939064026	10806666.6666667
750	36	-1	5	02:19:22	02:21:12	109.960922956467	10906666.6666667
800	36	-1	5	02:19:22	02:21:13	111.193244934082	10843333.3333333
700	37	-1	5	02:21:13	02:22:56	103.145828962326	10906666.6666667
450	37	-1	5	02:21:13	02:22:56	103.382699966431	10806666.6666667
400	37	-1	5	02:21:13	02:22:59	105.67737698555	10806666.6666667
750	37	-1	5	02:21:13	02:22:59	106.433948993683	10906666.6666667
500	37	-1	5	02:21:13	02:23:01	107.868124961853	10806666.6666667
650	37	-1	5	02:21:13	02:23:04	110.642529010773	10806666.6666667
600	37	-1	5	02:21:13	02:23:04	111.443071842194	10806666.6666667
550	37	-1	5	02:21:13	02:23:06	112.822281837463	10806666.6666667
100	38	-1	5	02:23:06	02:24:50	103.809457063675	10430000
200	38	-1	5	02:23:06	02:24:50	104.684951066971	10806666.6666667
300	38	-1	5	02:23:06	02:24:51	105.708364009857	10806666.6666667
400	38	-1	5	02:23:06	02:24:53	107.689227819443	10806666.6666667
800	37	-1	5	02:23:06	02:24:55	109.15438914299	10843333.3333333
150	38	-1	5	02:23:06	02:24:56	110.023890018463	10806666.6666667
350	38	-1	5	02:23:06	02:24:56	110.442648172379	10806666.6666667
250	38	-1	5	02:23:06	02:24:58	112.503463983536	10806666.6666667
450	38	-1	5	02:24:58	02:26:41	102.90697312355	10806666.6666667
750	38	-1	5	02:24:58	02:26:42	103.471647024155	10906666.6666667
650	38	-1	5	02:24:58	02:26:43	104.263190984726	10806666.6666667
550	38	-1	5	02:24:58	02:26:45	107.005620956421	10806666.6666667
600	38	-1	5	02:24:58	02:26:46	107.673238039017	10806666.6666667
800	38	-1	5	02:24:58	02:26:48	110.183795213699	10843333.3333333
500	38	-1	5	02:24:58	02:26:49	110.540588855743	10806666.6666667
700	38	-1	5	02:24:58	02:26:49	110.922369003296	10906666.6666667
200	39	-1	5	02:26:50	02:28:34	104.187235116959	10806666.6666667
300	39	-1	5	02:26:50	02:28:35	104.946800947189	10806666.6666667
100	39	-1	5	02:26:50	02:28:37	106.473927021027	10430000
400	39	-1	5	02:26:50	02:28:37	106.753763914108	10806666.6666667
450	39	-1	5	02:26:50	02:28:38	107.263470172882	10806666.6666667
250	39	-1	5	02:26:50	02:28:38	107.495340824127	10806666.6666667
150	39	-1	5	02:26:50	02:28:39	109.092423915863	10806666.6666667
350	39	-1	5	02:26:50	02:28:42	111.522032022476	10806666.6666667
500	39	-1	5	02:28:42	02:30:28	106.151108026505	10806666.6666667
800	39	-1	5	02:28:42	02:30:28	106.627838134766	10843333.3333333
700	39	-1	5	02:28:42	02:30:29	106.919669151306	10906666.6666667
750	39	-1	5	02:28:42	02:30:29	107.245484828949	10906666.6666667
550	39	-1	5	02:28:42	02:30:29	107.313445091248	10806666.6666667
650	39	-1	5	02:28:42	02:30:30	107.936084032059	10806666.6666667
600	39	-1	5	02:28:42	02:30:32	110.339708089828	10806666.6666667
100	40	-1	5	02:28:42	02:30:34	112.184667110443	10430000
400	40	-1	5	02:30:34	02:32:18	103.433668851852	10806666.6666667
150	40	-1	5	02:30:34	02:32:18	104.144258975983	10806666.6666667
200	40	-1	5	02:30:34	02:32:19	104.970788002014	10806666.6666667
350	40	-1	5	02:30:34	02:32:21	107.170523166656	10806666.6666667
500	40	-1	5	02:30:34	02:32:22	108.056016921997	10806666.6666667
250	40	-1	5	02:30:34	02:32:23	108.529748916626	10806666.6666667
450	40	-1	5	02:30:34	02:32:24	109.628117084503	10806666.6666667
300	40	-1	5	02:30:34	02:32:26	111.502039909363	10806666.6666667
600	40	-1	5	02:32:26	02:34:08	102.609140872955	10806666.6666667
550	40	-1	5	02:32:26	02:34:09	103.577587127686	10806666.6666667
700	40	-1	5	02:32:26	02:34:10	104.542032003403	10906666.6666667
800	40	-1	5	02:32:26	02:34:13	107.228491783142	10843333.3333333
650	40	-1	5	02:32:26	02:34:16	110.800445079803	10806666.6666667
750	40	-1	5	02:32:26	02:34:18	112.848268985748	10906666.6666667
150	20	-1	6	02:32:26	02:34:21	115.659664154053	9850000
100	20	-1	6	02:32:26	02:34:23	117.787432909012	9610000
250	20	-1	6	02:34:23	02:36:25	122.034000873566	9850000
200	20	-1	6	02:34:23	02:36:26	122.49973487854	9850000
400	20	-1	6	02:34:23	02:36:27	123.654066801071	9850000
450	20	-1	6	02:34:23	02:36:29	126.023713827133	9850000
500	20	-1	6	02:34:23	02:36:30	126.845241069794	9850000
550	20	-1	6	02:34:23	02:36:33	129.854513883591	10046666.6666667
300	20	-1	6	02:34:23	02:36:34	130.548116922379	9850000
350	20	-1	6	02:34:23	02:36:35	131.45959186554	9850000
800	20	-1	6	02:36:35	02:38:38	123.301275014877	10013333.3333333
700	20	-1	6	02:36:35	02:38:40	125.35009598732	10146666.6666667
600	20	-1	6	02:36:35	02:38:42	127.360947847366	10046666.6666667
150	21	-1	6	02:36:35	02:38:43	127.66476893425	9850000
200	21	-1	6	02:36:35	02:38:44	129.45974111557	9850000
650	20	-1	6	02:36:35	02:38:45	129.515710115433	10146666.6666667
100	21	-1	6	02:36:35	02:38:45	130.319249868393	9610000
750	20	-1	6	02:36:35	02:38:47	132.484002113342	10146666.6666667
350	21	-1	6	02:38:48	02:40:50	122.249880075455	9850000
300	21	-1	6	02:38:48	02:40:52	124.465608119965	9850000
400	21	-1	6	02:38:48	02:40:53	125.434046030045	9850000
250	21	-1	6	02:38:48	02:40:55	127.959606170654	9850000
600	21	-1	6	02:38:48	02:40:56	128.029561042786	10046666.6666667
550	21	-1	6	02:38:48	02:40:58	130.129358053207	10046666.6666667
450	21	-1	6	02:38:48	02:40:58	130.807970046997	9850000
500	21	-1	6	02:38:48	02:41:00	132.84081196785	9850000
800	21	-1	6	02:41:00	02:43:01	121.031575202942	10013333.3333333
700	21	-1	6	02:41:00	02:43:02	121.534288883209	10146666.6666667
200	22	-1	6	02:41:00	02:43:06	126.013718128204	9836666.66666667
150	22	-1	6	02:41:00	02:43:10	129.648635864258	9836666.66666667
100	22	-1	6	02:41:00	02:43:10	129.753573894501	9596666.66666667
650	21	-1	6	02:41:00	02:43:11	130.372215032578	10146666.6666667
750	21	-1	6	02:41:00	02:43:12	132.020270109177	10146666.6666667
250	22	-1	6	02:41:00	02:43:13	132.889771938324	9836666.66666667
300	22	-1	6	02:43:13	02:45:16	123.028430938721	9836666.66666667
400	22	-1	6	02:43:13	02:45:18	124.422631978989	9836666.66666667
650	22	-1	6	02:43:13	02:45:18	125.074256896973	10133333.3333333
350	22	-1	6	02:43:13	02:45:19	126.125655174255	9836666.66666667
500	22	-1	6	02:43:13	02:45:22	128.234446048737	9836666.66666667
600	22	-1	6	02:43:13	02:45:24	131.043828964233	10033333.3333333
550	22	-1	6	02:43:13	02:45:25	131.25870680809	10033333.3333333
450	22	-1	6	02:43:13	02:45:25	131.666492938995	9836666.66666667
150	23	-1	6	02:45:25	02:47:26	120.874675035477	9506666.66666667
700	22	-1	6	02:45:25	02:47:29	123.620094060898	10133333.3333333
800	22	-1	6	02:45:25	02:47:31	125.916770935059	1e+07
300	23	-1	6	02:45:25	02:47:33	127.984588861465	9506666.66666667
200	23	-1	6	02:45:25	02:47:34	128.164483070374	9506666.66666667
100	23	-1	6	02:45:25	02:47:35	130.00043296814	9266666.66666667
250	23	-1	6	02:45:25	02:47:36	130.283262014389	9506666.66666667
750	22	-1	6	02:45:25	02:47:38	132.29111289978	10133333.3333333
400	23	-1	6	02:47:38	02:49:39	120.99159693718	9506666.66666667
450	23	-1	6	02:47:38	02:49:41	123.677060127258	9506666.66666667
500	23	-1	6	02:47:38	02:49:42	124.331683158875	9506666.66666667
600	23	-1	6	02:47:38	02:49:45	127.192045211792	9703333.33333333
350	23	-1	6	02:47:38	02:49:46	128.014569997787	9506666.66666667
700	23	-1	6	02:47:38	02:49:46	128.576250076294	9803333.33333333
550	23	-1	6	02:47:38	02:49:49	130.897917032242	9703333.33333333
650	23	-1	6	02:47:38	02:49:51	132.735860824585	9803333.33333333
150	24	-1	6	02:49:51	02:51:52	121.434346914291	9626666.66666667
800	23	-1	6	02:49:51	02:51:53	121.983031988144	9670000
750	23	-1	6	02:49:51	02:51:56	125.273148059845	9803333.33333333
200	24	-1	6	02:49:51	02:51:56	125.620944023132	9626666.66666667
300	24	-1	6	02:49:51	02:51:59	128.317396879196	9626666.66666667
100	24	-1	6	02:49:51	02:52:00	128.95702791214	9386666.66666667
250	24	-1	6	02:49:51	02:52:00	129.674614906311	9626666.66666667
350	24	-1	6	02:49:51	02:52:02	131.177752971649	9626666.66666667
500	24	-1	6	02:52:02	02:54:05	123.31826710701	9626666.66666667
550	24	-1	6	02:52:02	02:54:07	124.861377954483	9823333.33333333
600	24	-1	6	02:52:02	02:54:08	126.167626857758	9823333.33333333
750	24	-1	6	02:52:02	02:54:10	127.798692941666	9840000
450	24	-1	6	02:52:02	02:54:10	128.684186935425	9626666.66666667
650	24	-1	6	02:52:02	02:54:12	130.578095912933	9840000
400	24	-1	6	02:52:02	02:54:13	131.193748950958	9626666.66666667
700	24	-1	6	02:52:02	02:54:14	131.823384046555	9840000
150	25	-1	6	02:54:14	02:56:15	120.823697090149	9586666.66666667
250	25	-1	6	02:54:14	02:56:16	121.68720293045	9586666.66666667
400	25	-1	6	02:54:14	02:56:20	125.522000074387	9586666.66666667
200	25	-1	6	02:54:14	02:56:22	127.891641139984	9586666.66666667
350	25	-1	6	02:54:14	02:56:23	129.055970191956	9586666.66666667
300	25	-1	6	02:54:14	02:56:24	129.557682991028	9586666.66666667
100	25	-1	6	02:54:14	02:56:24	130.003427028656	9346666.66666667
800	24	-1	6	02:54:14	02:56:25	131.32666683197	9706666.66666667
750	25	-1	6	02:56:26	02:58:30	124.034853935242	9800000
650	25	-1	6	02:56:26	02:58:30	124.66149187088	9800000
700	25	-1	6	02:56:26	02:58:32	126.19761300087	9800000
550	25	-1	6	02:56:26	02:58:32	126.240586042404	9783333.33333333
500	25	-1	6	02:56:26	02:58:33	127.183048963547	9586666.66666667
800	25	-1	6	02:56:26	02:58:36	130.781984090805	9666666.66666667
600	25	-1	6	02:56:26	02:58:38	132.059248924255	9783333.33333333
450	25	-1	6	02:56:26	02:58:39	133.095653057098	9586666.66666667
150	26	-1	6	02:58:39	03:00:43	124.137794017792	9610000
100	26	-1	6	02:58:39	03:00:44	125.268142938614	9370000
300	26	-1	6	02:58:39	03:00:44	125.476026058197	9610000
400	26	-1	6	02:58:39	03:00:47	127.84167098999	9610000
450	26	-1	6	02:58:39	03:00:47	127.953603982925	9610000
200	26	-1	6	02:58:39	03:00:48	129.661625146866	9610000
350	26	-1	6	02:58:39	03:00:50	130.883924007416	9610000
250	26	-1	6	02:58:39	03:00:52	133.531403064728	9610000
750	26	-1	6	03:00:52	03:02:56	123.402216911316	9823333.33333333
550	26	-1	6	03:00:52	03:02:56	123.85395693779	9806666.66666667
700	26	-1	6	03:00:52	03:02:58	125.789843082428	9823333.33333333
650	26	-1	6	03:00:52	03:02:58	126.052690982819	9823333.33333333
500	26	-1	6	03:00:52	03:03:00	127.473881006241	9610000
100	27	-1	6	03:00:52	03:03:02	129.357797145844	9343333.33333333
600	26	-1	6	03:00:52	03:03:03	130.970874071121	9806666.66666667
800	26	-1	6	03:00:52	03:03:04	131.661478042603	9690000
400	27	-1	6	03:03:04	03:05:06	121.592252016067	9583333.33333333
450	27	-1	6	03:03:04	03:05:09	125.281137943268	9583333.33333333
250	27	-1	6	03:03:04	03:05:10	125.49601316452	9583333.33333333
200	27	-1	6	03:03:04	03:05:11	126.78927397728	9583333.33333333
150	27	-1	6	03:03:04	03:05:12	127.262000083923	9583333.33333333
350	27	-1	6	03:03:04	03:05:12	128.116515874863	9583333.33333333
500	27	-1	6	03:03:04	03:05:13	128.87007689476	9583333.33333333
300	27	-1	6	03:03:04	03:05:16	131.295687913895	9583333.33333333
650	27	-1	6	03:05:16	03:07:17	121.871096134186	9796666.66666667
800	27	-1	6	03:05:16	03:07:18	122.422780036926	9663333.33333333
150	28	-1	6	03:05:16	03:07:20	124.769430160522	9626666.66666667
700	27	-1	6	03:05:16	03:07:20	124.915343999863	9796666.66666667
600	27	-1	6	03:05:16	03:07:24	128.146494865417	9780000
750	27	-1	6	03:05:16	03:07:24	128.786133050919	9796666.66666667
100	28	-1	6	03:05:16	03:07:26	130.538116931915	9386666.66666667
550	27	-1	6	03:05:16	03:07:28	132.294143199921	9780000
500	28	-1	6	03:07:28	03:09:30	121.896076917648	9626666.66666667
200	28	-1	6	03:07:28	03:09:30	122.215897083282	9626666.66666667
300	28	-1	6	03:07:28	03:09:34	126.04470205307	9626666.66666667
250	28	-1	6	03:07:28	03:09:34	126.274559020996	9626666.66666667
350	28	-1	6	03:07:28	03:09:36	128.099520921707	9626666.66666667
450	28	-1	6	03:07:28	03:09:37	129.194895029068	9626666.66666667
550	28	-1	6	03:07:28	03:09:38	129.664615869522	9823333.33333333
400	28	-1	6	03:07:28	03:09:39	131.614496946335	9626666.66666667
750	28	-1	6	03:09:40	03:11:42	122.333830118179	9840000
800	28	-1	6	03:09:40	03:11:43	123.028429985046	9706666.66666667
150	29	-1	6	03:09:40	03:11:44	124.375654935837	9626666.66666667
650	28	-1	6	03:09:40	03:11:45	125.562975883484	9840000
200	29	-1	6	03:09:40	03:11:45	125.876795053482	9626666.66666667
600	28	-1	6	03:09:40	03:11:47	127.928620100021	9823333.33333333
100	29	-1	6	03:09:40	03:11:50	130.077383041382	9386666.66666667
700	28	-1	6	03:09:40	03:11:51	131.656491041183	9840000
500	29	-1	6	03:11:51	03:13:56	124.400643110275	9626666.66666667
450	29	-1	6	03:11:51	03:13:56	125.105235815048	9626666.66666667
250	29	-1	6	03:11:51	03:13:58	126.338529109955	9626666.66666667
600	29	-1	6	03:11:51	03:13:59	128.195465087891	9823333.33333333
550	29	-1	6	03:11:51	03:14:00	128.726155042648	9823333.33333333
300	29	-1	6	03:11:51	03:14:01	129.3777821064	9626666.66666667
400	29	-1	6	03:11:51	03:14:02	131.178755044937	9626666.66666667
350	29	-1	6	03:11:51	03:14:03	131.888345003128	9626666.66666667
750	29	-1	6	03:14:03	03:16:08	124.447611093521	9840000
250	30	-1	6	03:14:03	03:16:10	126.449464082718	9606666.66666667
700	29	-1	6	03:14:03	03:16:10	126.852233171463	9840000
100	30	-1	6	03:14:03	03:16:11	128.295409917831	9366666.66666667
800	29	-1	6	03:14:03	03:16:13	130.087380886078	9706666.66666667
200	30	-1	6	03:14:03	03:16:14	130.984867095947	9606666.66666667
650	29	-1	6	03:14:03	03:16:16	132.513993024826	9840000
150	30	-1	6	03:14:03	03:16:17	134.174044847488	9606666.66666667
650	30	-1	6	03:16:17	03:18:22	124.812405824661	9820000
500	30	-1	6	03:16:17	03:18:23	125.308122873306	9606666.66666667
350	30	-1	6	03:16:17	03:18:23	125.38707613945	9606666.66666667
300	30	-1	6	03:16:17	03:18:23	125.365088939667	9606666.66666667
600	30	-1	6	03:16:17	03:18:26	128.405348062515	9803333.33333333
450	30	-1	6	03:16:17	03:18:26	128.649203062057	9606666.66666667
550	30	-1	6	03:16:17	03:18:27	130.022419929504	9803333.33333333
400	30	-1	6	03:16:17	03:18:30	132.235142946243	9606666.66666667
700	30	-1	6	03:18:30	03:20:32	122.672641038895	9820000
300	31	-1	6	03:18:30	03:20:33	123.660068035126	9606666.66666667
250	31	-1	6	03:18:30	03:20:35	125.242160797119	9606666.66666667
100	31	-1	6	03:18:30	03:20:36	126.280563831329	9366666.66666667
750	30	-1	6	03:18:30	03:20:38	128.278419971466	9820000
800	30	-1	6	03:18:30	03:20:38	128.786126852036	9686666.66666667
200	31	-1	6	03:18:30	03:20:40	130.141348838806	9606666.66666667
150	31	-1	6	03:18:30	03:20:41	131.202749967575	9606666.66666667
550	31	-1	6	03:20:41	03:22:42	120.647794961929	9803333.33333333
500	31	-1	6	03:20:41	03:22:42	121.296425104141	9606666.66666667
350	31	-1	6	03:20:41	03:22:45	123.631087064743	9606666.66666667
450	31	-1	6	03:20:41	03:22:48	126.849238872528	9606666.66666667
400	31	-1	6	03:20:41	03:22:49	127.969594955444	9606666.66666667
650	31	-1	6	03:20:41	03:22:50	129.442744970322	9820000
600	31	-1	6	03:20:41	03:22:51	130.36422586441	9803333.33333333
700	31	-1	6	03:20:41	03:22:52	130.855937004089	9820000
800	31	-1	6	03:22:52	03:24:54	121.571265220642	9686666.66666667
750	31	-1	6	03:22:52	03:24:58	125.59595990181	9820000
350	32	-1	6	03:22:52	03:24:58	125.837816953659	9606666.66666667
300	32	-1	6	03:22:52	03:24:58	126.094671010971	9606666.66666667
250	32	-1	6	03:22:52	03:25:00	128.36936712265	9606666.66666667
100	32	-1	6	03:22:52	03:25:01	129.18989610672	9366666.66666667
150	32	-1	6	03:22:52	03:25:04	131.597513914108	9606666.66666667
200	32	-1	6	03:22:52	03:25:04	131.758424043655	9606666.66666667
500	32	-1	6	03:25:04	03:27:07	122.99245095253	9606666.66666667
700	32	-1	6	03:25:04	03:27:08	123.803979873657	9820000
750	32	-1	6	03:25:04	03:27:10	125.746865987778	9820000
550	32	-1	6	03:25:04	03:27:10	125.801839113235	9803333.33333333
600	32	-1	6	03:25:04	03:27:11	126.942183017731	9803333.33333333
650	32	-1	6	03:25:04	03:27:13	128.961024045944	9820000
450	32	-1	6	03:25:04	03:27:15	131.391630887985	9606666.66666667
400	32	-1	6	03:25:04	03:27:15	131.402625083923	9606666.66666667
200	33	-1	6	03:27:15	03:29:18	122.752589941025	9606666.66666667
150	33	-1	6	03:27:15	03:29:18	122.802557945251	9606666.66666667
400	33	-1	6	03:27:15	03:29:19	124.031850099564	9606666.66666667
100	33	-1	6	03:27:15	03:29:22	126.635354995728	9366666.66666667
300	33	-1	6	03:27:15	03:29:23	128.157489061356	9606666.66666667
250	33	-1	6	03:27:15	03:29:25	130.230299949646	9606666.66666667
350	33	-1	6	03:27:15	03:29:27	132.097227811813	9606666.66666667
800	32	-1	6	03:27:15	03:29:28	132.274125814438	9686666.66666667
650	33	-1	6	03:29:28	03:31:31	123.506156921387	9820000
700	33	-1	6	03:29:28	03:31:34	126.785275936127	9820000
500	33	-1	6	03:29:28	03:31:35	127.15006518364	9606666.66666667
600	33	-1	6	03:29:28	03:31:35	127.319968938828	9803333.33333333
550	33	-1	6	03:29:28	03:31:42	134.399909973145	9803333.33333333
750	33	-1	6	03:29:28	03:31:43	135.903044939041	9820000
450	33	-1	6	03:29:28	03:31:44	136.487707138062	9606666.66666667
800	33	-1	6	03:29:28	03:31:46	138.501550197601	9686666.66666667
150	34	-1	6	03:31:46	03:33:52	125.650923013687	9606666.66666667
250	34	-1	6	03:31:46	03:33:56	130.321245908737	9606666.66666667
450	34	-1	6	03:31:46	03:34:00	133.938169002533	9606666.66666667
300	34	-1	6	03:31:46	03:34:02	136.041966199875	9606666.66666667
200	34	-1	6	03:31:46	03:34:03	136.462723016739	9606666.66666667
350	34	-1	6	03:31:46	03:34:03	137.004414081573	9606666.66666667
400	34	-1	6	03:31:46	03:34:06	139.622911930084	9606666.66666667
100	34	-1	6	03:31:46	03:34:08	141.485841035843	9366666.66666667
550	34	-1	6	03:34:08	03:36:11	123.319265127182	9803333.33333333
700	34	-1	6	03:34:08	03:36:12	124.153785943985	9820000
650	34	-1	6	03:34:08	03:36:14	126.461455821991	9820000
600	34	-1	6	03:34:08	03:36:19	131.349655151367	9803333.33333333
500	34	-1	6	03:34:08	03:36:21	133.552398920059	9606666.66666667
800	34	-1	6	03:34:08	03:36:22	134.186031103134	9686666.66666667
750	34	-1	6	03:34:08	03:36:23	135.502273082733	9820000
100	35	-1	6	03:34:08	03:36:24	136.214866161346	9370000
150	35	-1	6	03:36:24	03:38:27	122.86852312088	9610000
250	35	-1	6	03:36:24	03:38:27	123.43119597435	9610000
350	35	-1	6	03:36:24	03:38:28	124.319693088531	9610000
450	35	-1	6	03:36:24	03:38:29	124.540557861328	9610000
200	35	-1	6	03:36:24	03:38:31	127.135067939758	9610000
500	35	-1	6	03:36:24	03:38:34	129.531697034836	9610000
300	35	-1	6	03:36:24	03:38:34	130.307250976562	9610000
400	35	-1	6	03:36:24	03:38:35	131.362661123276	9610000
150	36	-1	6	03:38:35	03:40:39	123.489165067673	9676666.66666667
100	36	-1	6	03:38:35	03:40:39	124.02285695076	9300000
600	35	-1	6	03:38:35	03:40:40	124.325685977936	9806666.66666667
700	35	-1	6	03:38:35	03:40:42	126.262573003769	9823333.33333333
800	35	-1	6	03:38:35	03:40:42	126.660349845886	9690000
550	35	-1	6	03:38:35	03:40:44	129.054972887039	9806666.66666667
650	35	-1	6	03:38:35	03:40:46	130.768989086151	9823333.33333333
750	35	-1	6	03:38:35	03:40:46	130.976868152618	9823333.33333333
450	36	-1	6	03:40:47	03:42:48	121.489315986633	9676666.66666667
200	36	-1	6	03:40:47	03:42:51	124.348670959473	9676666.66666667
250	36	-1	6	03:40:47	03:42:51	124.833395957947	9676666.66666667
400	36	-1	6	03:40:47	03:42:54	127.958601951599	9676666.66666667
500	36	-1	6	03:40:47	03:42:55	128.829101085663	9676666.66666667
350	36	-1	6	03:40:47	03:42:57	130.843945980072	9676666.66666667
300	36	-1	6	03:40:46	03:42:58	131.061820983887	9676666.66666667
550	36	-1	6	03:40:47	03:42:58	131.750422954559	9873333.33333333
150	37	-1	6	03:42:59	03:45:01	122.515725135803	9686666.66666667
750	36	-1	6	03:42:59	03:45:02	123.364233970642	9740000
700	36	-1	6	03:42:59	03:45:03	124.111804962158	9740000
650	36	-1	6	03:42:59	03:45:03	124.207756996155	9640000
600	36	-1	6	03:42:59	03:45:07	128.030559062958	9873333.33333333
200	37	-1	6	03:42:59	03:45:08	129.006999015808	9686666.66666667
100	37	-1	6	03:42:59	03:45:09	130.465181112289	9310000
800	36	-1	6	03:42:59	03:45:10	131.512558937073	9676666.66666667
450	37	-1	6	03:45:10	03:47:12	122.030001878738	9686666.66666667
350	37	-1	6	03:45:10	03:47:13	122.668633937836	9686666.66666667
550	37	-1	6	03:45:10	03:47:14	124.16877412796	9883333.33333333
300	37	-1	6	03:45:10	03:47:17	126.647356987	9686666.66666667
400	37	-1	6	03:45:10	03:47:18	128.045552015305	9686666.66666667
500	37	-1	6	03:45:10	03:47:19	129.09494805336	9686666.66666667
250	37	-1	6	03:45:10	03:47:21	131.339673995972	9686666.66666667
600	37	-1	6	03:45:10	03:47:22	132.200162887573	9883333.33333333
200	38	-1	6	03:47:22	03:49:26	123.496161937714	9686666.66666667
750	37	-1	6	03:47:22	03:49:28	125.488019943237	9750000
700	37	-1	6	03:47:22	03:49:29	126.55640912056	9750000
100	38	-1	6	03:47:22	03:49:30	127.194040775299	9310000
800	37	-1	6	03:47:22	03:49:30	127.439900875092	9686666.66666667
250	38	-1	6	03:47:22	03:49:32	129.55068898201	9686666.66666667
150	38	-1	6	03:47:22	03:49:32	130.146347999573	9686666.66666667
650	37	-1	6	03:47:22	03:49:35	132.660920143127	9650000
500	38	-1	6	03:49:35	03:51:38	122.775574922562	9686666.66666667
600	38	-1	6	03:49:35	03:51:38	122.796555995941	9883333.33333333
650	38	-1	6	03:49:35	03:51:40	125.347093105316	9650000
350	38	-1	6	03:49:35	03:51:41	125.720882892609	9686666.66666667
450	38	-1	6	03:49:35	03:51:42	126.58838391304	9686666.66666667
400	38	-1	6	03:49:35	03:51:45	129.5256960392	9686666.66666667
300	38	-1	6	03:49:35	03:51:47	131.777413129807	9686666.66666667
550	38	-1	6	03:49:35	03:51:49	134.038109779358	9883333.33333333
750	38	-1	6	03:51:49	03:53:51	121.967036962509	9750000
300	39	-1	6	03:51:49	03:53:52	122.508727073669	9680000
200	39	-1	6	03:51:49	03:53:52	122.947471857071	9680000
700	38	-1	6	03:51:49	03:53:54	124.443614006042	9750000
150	39	-1	6	03:51:49	03:53:56	126.777281999588	9680000
250	39	-1	6	03:51:49	03:54:00	130.748002052307	9680000
800	38	-1	6	03:51:49	03:54:01	131.541544914246	9686666.66666667
100	39	-1	6	03:51:49	03:54:02	132.916753053665	9303333.33333333
400	39	-1	6	03:54:02	03:56:05	122.67862701416	9680000
350	39	-1	6	03:54:02	03:56:05	123.186339855194	9680000
650	39	-1	6	03:54:02	03:56:06	124.388648033142	9650000
700	39	-1	6	03:54:02	03:56:09	127.355944871902	9750000
450	39	-1	6	03:54:02	03:56:10	128.261424064636	9680000
600	39	-1	6	03:54:02	03:56:12	130.393201828003	9876666.66666667
500	39	-1	6	03:54:02	03:56:13	131.07181596756	9680000
550	39	-1	6	03:54:02	03:56:14	132.408051967621	9876666.66666667
300	40	-1	6	03:56:15	03:58:19	124.306701898575	9676666.66666667
750	39	-1	6	03:56:15	03:58:20	125.12922501564	9750000
100	40	-1	6	03:56:15	03:58:21	126.16762804985	9300000
800	39	-1	6	03:56:15	03:58:22	127.305974006653	9686666.66666667
200	40	-1	6	03:56:15	03:58:24	129.219879150391	9676666.66666667
350	40	-1	6	03:56:15	03:58:25	130.720012903214	9676666.66666667
150	40	-1	6	03:56:15	03:58:28	133.089656829834	9676666.66666667
250	40	-1	6	03:56:15	03:58:29	133.997138023376	9676666.66666667
600	40	-1	6	03:58:29	04:00:33	124.228747844696	9873333.33333333
450	40	-1	6	03:58:29	04:00:33	124.529564857483	9676666.66666667
550	40	-1	6	03:58:29	04:00:34	125.57296705246	9873333.33333333
750	40	-1	6	03:58:29	04:00:35	126.42648100853	9750000
700	40	-1	6	03:58:29	04:00:39	129.834524869919	9750000
400	40	-1	6	03:58:29	04:00:42	132.944736003876	9676666.66666667
500	40	-1	6	03:58:29	04:00:42	133.233574867249	9676666.66666667
650	40	-1	6	03:58:29	04:00:43	133.858216047287	9650000
800	40	-1	6	04:00:43	04:01:23	40.197940826416	9686666.66666667
