fecha	gamma	alpha	lambda	subsample	tree_method	grow_policy	max_bin	max_depth	scale_pos_weight	eta	colsample_bytree	min_child_weight	max_leaves	prob_corte	nrounds	ganancia	iteracion
20220422 174013	0	0	0	1	hist	lossguide	256	0	1	0.164949493400985	0.701831553047523	5	291	0.0362983336381149	128	10271000	1
20220422 174111	0	0	0	1	hist	lossguide	256	0	1	0.141275106055546	0.32401348403655	7	450	0.032688185381024	143	10653000	2
20220422 174216	0	0	0	1	hist	lossguide	256	0	1	0.215007223100169	0.774876132979989	1	863	0.0273239340186895	241	11861000	3
20220422 174358	0	0	0	1	hist	lossguide	256	0	1	0.0821067750641378	0.728197482870892	1	191	0.0375295189505171	392	10589000	4
20220422 174508	0	0	0	1	hist	lossguide	256	0	1	0.10275988391554	0.597305729221553	8	349	0.0412739537277957	241	9411000	5
20220422 174715	0	0	0	1	hist	lossguide	256	0	1	0.0512307045274647	0.414169151308015	7	141	0.0171786972127544	500	13064000	6
20220422 174750	0	0	0	1	hist	lossguide	256	0	1	0.262997651001788	0.452938060946763	4	631	0.0303189266409997	99	11243000	7
20220422 174844	0	0	0	1	hist	lossguide	256	0	1	0.200488371346262	0.809040877409279	0	524	0.024330256425795	178	12182000	8
20220422 174949	0	0	0	1	hist	lossguide	256	0	1	0.194138901314349	0.521146070510149	9	30	0.0205864036295679	239	13456000	9
20220422 175053	0	0	0	1	hist	lossguide	256	0	1	0.122661795918131	0.615980673022568	6	767	0.0144960141284779	232	13079000	10
20220422 175213	0	0	0	1	hist	lossguide	256	0	1	0.0646450131864985	0.298054309049621	5	250	0.0432105505087141	285	8871000	11
20220422 175344	0	0	0	1	hist	lossguide	256	0	1	0.0861968118390068	0.846439759992063	10	408	0.0228452696639579	371	12661000	12
20220422 175433	0	0	0	1	hist	lossguide	256	0	1	0.136525342490873	0.2321170763392	0	683	0.0441576712352495	156	9335000	13
20220422 175456	0	0	0	1	hist	lossguide	256	0	1	0.231179403212387	0.928965881513432	3	493	0.0466766452795127	28	8890000	14
20220422 175530	0	0	0	1	hist	lossguide	256	0	1	0.272565477459342	0.640579175231978	8	957	0.0481960014449821	87	7528000	15
20220422 175616	0	0	0	1	hist	lossguide	256	0	1	0.251873285982641	0.394333927156404	8	611	0.0119700494523083	156	13026000	16
20220422 175650	0	0	0	1	hist	lossguide	256	0	1	0.293262080163346	0.966120454762131	3	780	0.010331498265441	93	12135000	17
20220422 180044	0	0	0	1	hist	lossguide	256	0	1	0.0237481213860447	0.881527685103938	2	919	0.0344801230448259	985	10829000	18
20220422 180407	0	0	0	1	hist	lossguide	256	0	1	0.0282440520171076	0.248210772620514	9	1011	0.0146945085910071	801	12915000	19
20220422 180518	0	0	0	1	hist	lossguide	256	0	1	0.172339775699889	0.493455652296543	2	84	0.02553990521313	250	12017000	20
20220422 180706	0	0	0	1	hist	lossguide	256	0	1	0.220938622761258	0.554419530627979	10	5	0.0171486813320617	463	13572000	21
20220422 180841	0	0	0	1	hist	lossguide	256	0	1	0.204363282311526	0.467096252542309	10	351	0.0181944040947831	370	13562000	22
20220422 180950	0	0	0	1	hist	lossguide	256	0	1	0.257824485713811	0.614763470482698	10	164	0.0178529959328307	262	13346000	23
20220422 181027	0	0	0	1	hist	lossguide	256	0	1	0.181567484222902	0.380427527585353	10	2	0.0175882071293955	95	13303000	24
20220422 181133	0	0	0	1	hist	lossguide	256	0	1	0.143229052271978	0.53302337833205	10	397	0.015942561643075	226	13209000	25
20220422 181304	0	0	0	1	hist	lossguide	256	0	1	0.211059714739797	0.512071236698516	8	758	0.0182467283472239	384	13548000	26
20220422 181409	0	0	0	1	hist	lossguide	256	0	1	0.207856167839373	0.386558879738981	3	1020	0.017684287270785	315	13299000	27
20220422 181528	0	0	0	1	hist	lossguide	256	0	1	0.211519772311613	0.457517000418432	7	552	0.0186518550640346	369	13536000	28
20220422 181704	0	0	0	1	hist	lossguide	256	0	1	0.205162102572186	0.69820643104768	8	2	0.0182139843131802	453	13560000	29
20220422 181817	0	0	0	1	hist	lossguide	256	0	1	0.212180926651727	0.551891349795286	9	130	0.0181879080710213	321	13566000	30
20220422 181911	0	0	0	1	hist	lossguide	256	0	1	0.210770403011037	0.449924786909641	10	1022	0.019099398905646	217	13520000	31
20220422 182013	0	0	0	1	hist	lossguide	256	0	1	0.214725332614442	0.517451971618261	10	516	0.0188205607459853	261	13408000	32
20220422 182106	0	0	0	1	hist	lossguide	256	0	1	0.216720962469077	0.490906450418301	8	8	0.0177787700483633	204	13211000	33
20220422 182211	0	0	0	1	hist	lossguide	256	0	1	0.188340737532257	0.754771777305241	10	6	0.0186697000543889	275	13529000	34
20220422 182316	0	0	0	1	hist	lossguide	256	0	1	0.196202629709084	0.398575992298788	8	816	0.0188258383936418	280	13060000	35
20220422 182411	0	0	0	1	hist	lossguide	256	0	1	0.23257673361382	0.510008545854164	6	1024	0.0175604729628526	226	13214000	36
20220422 182524	0	0	0	1	hist	lossguide	256	0	1	0.196863227593372	0.583776862270758	8	334	0.0186038441519589	323	13674000	37
20220422 182600	0	0	0	1	hist	lossguide	256	0	1	0.179299156549527	0.273728149750704	0	726	0.011407889874677	109	12185000	38
20220422 182701	0	0	0	1	hist	lossguide	256	0	1	0.21398137966619	0.56465532636852	3	638	0.0179295886311088	248	13017000	39
20220422 182806	0	0	0	1	hist	lossguide	256	0	1	0.197467500168023	0.776707710454261	7	372	0.0185113243061952	273	13552000	40
20220422 183603	0	0	0	1	hist	lossguide	256	0	1	0.0102878486006843	0.709088131283329	9	2	0.0188732486399369	2178	12972000	41
20220422 183735	0	0	0	1	hist	lossguide	256	0	1	0.209574691654078	0.734606565824541	10	1024	0.016606101365226	428	13652000	42
20220422 183817	0	0	0	1	hist	lossguide	256	0	1	0.213718696819978	0.542831650948594	10	1024	0.0144516741978412	143	13346000	43
20220422 183928	0	0	0	1	hist	lossguide	256	0	1	0.204498219691151	0.714155020717473	9	1024	0.0182621134123782	310	13600000	44
20220422 184048	0	0	0	1	hist	lossguide	256	0	1	0.21366332766983	0.71737257647328	8	673	0.0177619579054601	364	13617000	45
20220422 184639	0	0	0	1	hist	lossguide	256	0	1	0.0180431277225722	0.691838138891896	10	1024	0.0181995276175683	1701	13113000	46
20220422 184816	0	0	0	1	hist	lossguide	256	0	1	0.21262405149742	0.999374271863773	10	1024	0.0171765773304977	466	13703000	47
20220422 185444	0	0	0	1	hist	lossguide	256	0	1	0.0101068978083815	0.444784495798611	2	1024	0.0171511338230128	1728	12858000	48
20220422 185539	0	0	0	1	hist	lossguide	256	0	1	0.24906965794073	0.877426790968703	10	1024	0.0185403782197245	234	13362000	49
20220422 185619	0	0	0	1	hist	lossguide	256	0	1	0.20328026981875	0.997656280192128	9	1024	0.00977886731212285	127	12230000	50
20220422 185708	0	0	0	1	hist	lossguide	256	0	1	0.204892865927694	0.582599034955201	7	559	0.0169427946646789	191	13267000	51
20220422 185803	0	0	0	1	hist	lossguide	256	0	1	0.1733498517139	0.659369521234906	10	61	0.0146267185250552	216	13169000	52
20220422 185844	0	0	0	1	hist	lossguide	256	0	1	0.148456805626164	0.990641966301915	9	750	0.0174897243897892	131	12843000	53
20220422 185932	0	0	0	1	hist	lossguide	256	0	1	0.213598209111668	0.663837901806727	7	315	0.020924382272493	182	13418000	54
20220422 190031	0	0	0	1	hist	lossguide	256	0	1	0.119091090125402	0.638656451495564	7	273	0.0185802716657333	224	13097000	55
20220422 190537	0	0	0	1	hist	lossguide	256	0	1	0.0128153807046635	0.205827733702523	9	394	0.0181371145926722	1348	13166000	56
20220422 190834	0	0	0	1	hist	lossguide	256	0	1	0.0237614010242351	0.461370269119181	5	561	0.0126896281781626	779	12909000	57
20220422 190943	0	0	0	1	hist	lossguide	256	0	1	0.207519535911325	0.459047932883604	8	674	0.0186386885912331	313	13506000	58
20220422 191024	0	0	0	1	hist	lossguide	256	0	1	0.248310181882616	0.926093823062746	10	2	0.0134992979251737	143	13101000	59
20220422 191202	0	0	0	1	hist	lossguide	256	0	1	0.0598296475537002	0.698045032085717	10	391	0.0149257798566087	424	13350000	60
20220422 191257	0	0	0	1	hist	lossguide	256	0	1	0.210862511138903	0.776016016901755	8	352	0.0187175170615137	226	13241000	61
20220422 191418	0	0	0	1	hist	lossguide	256	0	1	0.203003237077388	0.508244432308583	6	388	0.0192078943840158	325	13361000	62
20220422 191533	0	0	0	1	hist	lossguide	256	0	1	0.0832341059316625	0.535936616402969	10	728	0.0159846114929581	260	13395000	63
20220422 191653	0	0	0	1	hist	lossguide	256	0	1	0.210624477860189	0.613716621160065	10	1023	0.0178829270335518	325	13573000	64
20220422 191747	0	0	0	1	hist	lossguide	256	0	1	0.240392718969866	0.219780548238502	8	650	0.0204030208269111	188	13112000	65
20220422 191833	0	0	0	1	hist	lossguide	256	0	1	0.189863553238344	0.748348869257059	6	882	0.0149975152372614	138	13149000	66
20220422 191926	0	0	0	1	hist	lossguide	256	0	1	0.259254042988997	0.927827793574325	10	974	0.0152668614697472	176	13128000	67
20220422 192037	0	0	0	1	hist	lossguide	256	0	1	0.195858279793165	0.658482169122198	10	168	0.0184081054459315	265	13566000	68
20220422 192119	0	0	0	1	hist	lossguide	256	0	1	0.202133648146558	0.714333143005086	7	770	0.0183754140164474	109	12876000	69
20220422 192251	0	0	0	1	hist	lossguide	256	0	1	0.193026907394232	0.574529741735369	8	434	0.0182295570887546	369	13579000	70
20220422 192344	0	0	0	1	hist	lossguide	256	0	1	0.228601669435571	0.857079766379531	6	35	0.0149395581253372	173	13150000	71
20220422 192425	0	0	0	1	hist	lossguide	256	0	1	0.244360223577267	0.247648347942584	6	636	0.0138230369346582	115	13165000	72
20220422 192524	0	0	0	1	hist	lossguide	256	0	1	0.222537463658878	0.358011553289307	10	725	0.0160948553452519	204	13506000	73
20220422 192606	0	0	0	1	hist	lossguide	256	0	1	0.171544202225303	0.786752710162631	8	1024	0.0162588696248218	118	13036000	74
20220422 192650	0	0	0	1	hist	lossguide	256	0	1	0.175502922066636	0.704413791700227	7	422	0.0182392277123679	125	12861000	75
20220422 192742	0	0	0	1	hist	lossguide	256	0	1	0.192361039186376	0.518430542310757	7	129	0.0162558204470471	174	13196000	76
20220422 192826	0	0	0	1	hist	lossguide	256	0	1	0.279356382195686	0.797939813487604	6	258	0.0209157946603591	132	12894000	77
20220422 192923	0	0	0	1	hist	lossguide	256	0	1	0.218947360663758	0.875683994512898	9	975	0.0159424784528852	202	13228000	78
20220422 193009	0	0	0	1	hist	lossguide	256	0	1	0.238133361164916	0.623426656249107	8	660	0.0169205160505753	144	13163000	79
20220422 193105	0	0	0	1	hist	lossguide	256	0	1	0.0948279471016575	0.381003007189615	10	373	0.0125843957061568	167	12946000	80
20220422 193208	0	0	0	1	hist	lossguide	256	0	1	0.227876531121349	0.748707273563222	10	67	0.0221728576269513	234	12888000	81
20220422 193500	0	0	0	1	hist	lossguide	256	0	1	0.0478305582526972	0.946819537652032	9	705	0.017429048477555	723	13264000	82
20220422 193607	0	0	0	1	hist	lossguide	256	0	1	0.195392211413845	0.340860764705917	10	321	0.0212201167342719	243	12808000	83
20220422 193705	0	0	0	1	hist	lossguide	256	0	1	0.254552199344473	0.210807937945755	9	469	0.0175314329206916	198	13286000	84
20220422 193755	0	0	0	1	hist	lossguide	256	0	1	0.198488276967624	0.604953805318914	10	285	0.0161532064496769	152	13183000	85
20220422 193853	0	0	0	1	hist	lossguide	256	0	1	0.208721841513335	0.586333677884308	8	44	0.0216404454835368	202	13202000	86
20220422 194418	0	0	0	1	hist	lossguide	256	0	1	0.0299266642452707	0.54635255036326	10	534	0.0174567563109653	1547	13337000	87
20220422 194458	0	0	0	1	hist	lossguide	256	0	1	0.196239919574433	0.778797860875811	7	72	0.0185013097842161	114	12944000	88
20220422 194552	0	0	0	1	hist	lossguide	256	0	1	0.20728694475892	0.451272856350003	10	940	0.0165786737439613	198	13443000	89
20220422 194734	0	0	0	1	hist	lossguide	256	0	1	0.0623060196792375	0.727020654676851	8	886	0.0147037699031435	409	13324000	90
20220422 195143	0	0	0	1	hist	lossguide	256	0	1	0.0121736124011489	0.900583654378926	4	372	0.0144388215693303	937	12748000	91
20220422 195701	0	0	0	1	hist	lossguide	256	0	1	0.0468452600585718	0.591491412119407	10	373	0.0184630205992301	1579	13638000	92
20220422 195806	0	0	0	1	hist	lossguide	256	0	1	0.0996120176307257	0.990291478529093	10	1000	0.0166900018562463	187	13072000	93
20220422 200603	0	0	0	1	hist	lossguide	256	0	1	0.0107620389214987	0.537443258803469	9	764	0.0148373919707239	2331	13103000	94
20220422 200704	0	0	0	1	hist	lossguide	256	0	1	0.0877341903781457	0.777438707318914	10	645	0.0146141912021231	282	13289000	95
20220422 200807	0	0	0	1	hist	lossguide	256	0	1	0.252769994741604	0.724971192194661	10	260	0.0171766870787512	329	13463000	96
20220422 200850	0	0	0	1	hist	lossguide	256	0	1	0.089122921691988	0.530656971558821	9	227	0.0177664140186301	150	12637000	97
20220422 201139	0	0	0	1	hist	lossguide	256	0	1	0.0464111021417762	0.684447538898871	7	420	0.0187276028747904	977	13345000	98
20220422 201249	0	0	0	1	hist	lossguide	256	0	1	0.0923790477215903	0.352291459908617	4	903	0.0143969586651106	341	12976000	99
20220422 201403	0	0	0	1	hist	lossguide	256	0	1	0.129342891119721	0.579870761461218	10	2	0.0195292761341395	393	13768000	100
20220422 201519	0	0	0	1	hist	lossguide	256	0	1	0.189968701213476	0.996286690274376	10	941	0.0173834395512231	412	13644000	101
20220422 201806	0	0	0	1	hist	lossguide	256	0	1	0.0519305264365741	0.391998695575411	10	752	0.0185425907812378	979	13479000	102
20220422 201910	0	0	0	1	hist	lossguide	256	0	1	0.100633387158176	0.625729049816746	7	2	0.0152419104185748	312	13519000	103
20220422 202153	0	0	0	1	hist	lossguide	256	0	1	0.05057212591113	0.790070973705058	6	674	0.0184867754616466	941	13277000	104
20220422 202508	0	0	0	1	hist	lossguide	256	0	1	0.0287482328299604	0.463394834800833	9	454	0.0180327433782744	1109	13163000	105
20220422 202600	0	0	0	1	hist	lossguide	256	0	1	0.129504874569335	0.647031995751329	9	3	0.0146318121698016	245	13041000	106
20220422 202650	0	0	0	1	hist	lossguide	256	0	1	0.0832384945954598	0.775196657951274	6	314	0.0126369880058029	206	13091000	107
20220422 202748	0	0	0	1	hist	lossguide	256	0	1	0.135754177977067	0.623152539679315	8	2	0.0141727603004525	283	13350000	108
20220422 202901	0	0	0	1	hist	lossguide	256	0	1	0.074982805245609	0.9319192265932	7	376	0.0144957574119765	365	13292000	109
20220422 202938	0	0	0	1	hist	lossguide	256	0	1	0.218826724590238	0.915155510557163	5	819	0.0141225108224608	147	12986000	110
20220422 203039	0	0	0	1	hist	lossguide	256	0	1	0.211841652405279	0.865752210155949	10	748	0.0179627579768203	318	13671000	111
20220422 203111	0	0	0	1	hist	lossguide	256	0	1	0.225601221985762	0.487472497169078	8	376	0.017799239642664	111	12910000	112
20220422 203245	0	0	0	1	hist	lossguide	256	0	1	0.109423538950116	0.628712493351407	7	2	0.0206891000080001	528	13504000	113
20220422 203355	0	0	0	1	hist	lossguide	256	0	1	0.180631903031528	0.581296439365104	10	821	0.0194629346062808	370	13521000	114
20220422 203456	0	0	0	1	hist	lossguide	256	0	1	0.143578430291986	0.579762604831816	10	2	0.0203970345921569	311	13441000	115
20220422 203523	0	0	0	1	hist	lossguide	256	0	1	0.211711666097568	0.942767397560365	6	365	0.0119454826190176	71	12751000	116
20220422 203557	0	0	0	1	hist	lossguide	256	0	1	0.121582206579828	0.734060383948281	10	19	0.0182277619453577	113	12874000	117
20220422 203705	0	0	0	1	hist	lossguide	256	0	1	0.103721891679918	0.798653016837971	6	962	0.015368084856875	330	13305000	118
20220422 203817	0	0	0	1	hist	lossguide	256	0	1	0.1289185321756	0.409304116233336	6	4	0.0192499903018658	370	13321000	119
20220422 204024	0	0	0	1	hist	lossguide	256	0	1	0.0785566566038232	0.530518766464102	9	2	0.0188862651665113	716	13423000	120
