fecha	cp	minsplit	minbucket	maxdepth	xval_folds	ganancia	iteracion
20220408 100315	-0.0534854753727972	1089	398	20	5	10501000	59
20220408 093428	-0.655763076154108	1141	321	13	5	10400000	1
20220408 101926	-0.887597021031556	1142	286	6	5	10343000	90
20220408 102736	-0.362102544180472	1304	425	5	5	10332000	107
20220408 102433	-0.310563036786886	1284	240	6	5	10328000	100
20220408 101556	-0.396330605007453	1537	445	10	5	10305000	83
20220408 100711	-0.652750690025468	1339	336	17	5	10298000	66
20220408 102700	-0.289415579291612	1404	343	8	5	10297000	105
20220408 102409	-0.345161150640698	1747	422	19	5	10290000	99
20220408 094923	-0.603610270447879	748	371	10	5	10286000	33
20220408 101524	-0.397470386028113	675	263	5	5	10264000	82
20220408 100605	-0.619712713963567	970	403	14	5	10263000	64
20220408 100527	-0.38763377588686	859	341	19	5	10254000	63
20220408 102142	-0.31601970552458	745	369	9	5	10239000	94
20220408 095231	-0.842535856583717	739	359	13	5	10196000	38
20220408 100744	-0.995104457149693	2245	916	10	5	10116000	67
20220408 100408	-0.0558111007572411	831	413	18	5	10114000	61
20220408 094654	-0.610766301437575	15	1	12	5	10108000	27
20220408 100118	-0.802598978767169	981	472	12	5	10099000	56
20220408 102939	-0.265761445561037	822	404	20	5	10073000	111
20220408 100633	-0.557702235934656	888	443	7	5	10072000	65
20220408 094141	-0.940007089700994	1337	309	7	5	10055000	18
20220408 094431	-0.810345991128618	826	384	20	5	10048000	23
20220408 100042	-0.0602111469770681	1327	271	18	5	9986000	55
20220408 101023	-0.580564500186116	1745	861	15	5	9975000	73
20220408 102806	-0.891016537851767	2284	982	9	5	9964000	108
20220408 103131	-0.483455034681012	2356	908	20	5	9924000	115
20220408 094114	-0.740460107799774	1748	452	11	5	9917000	17
20220408 102245	-0.308920088146909	2369	304	20	5	9885000	96
20220408 095117	-0.78952674898623	1880	938	19	5	9853000	36
20220408 102529	-0.710762567220778	2547	924	12	5	9852000	102
20220408 102334	-0.413826588774844	652	325	10	5	9849000	98
20220408 101902	-0.0582437240103496	2670	376	20	5	9844000	89
20220408 103000	-0.956215697866433	2260	922	5	5	9844000	112
20220408 094219	-0.816382702643093	2354	343	20	5	9828000	19
20220408 102039	-0.0404329435760958	1379	217	20	5	9805000	92
20220408 101347	-0.292476913440895	1968	973	20	5	9786000	79
20220408 103201	-0.799073586825044	2420	1134	14	5	9744000	116
20220408 093905	-0.489521189626248	2188	628	8	5	9737000	12
20220408 101503	-0.667859721357105	1116	437	11	5	9734000	81
20220408 095511	-0.400962539198313	8	1	9	5	9728000	43
20220408 101752	-0.108917463765926	2301	378	20	5	9724000	87
20220408 094719	-0.295035493996745	162	78	6	5	9722000	28
20220408 102902	-0.327905216038685	2322	429	6	5	9714000	110
20220408 094608	-0.83528981395396	3	1	9	5	9699000	26
20220408 102459	-0.835991920361623	2622	379	7	5	9699000	101
20220408 095337	-0.622596301046843	1347	566	20	5	9688000	40
20220408 093809	-0.988289027551946	2999	947	18	5	9682000	10
20220408 094536	-0.538486983737534	2030	1015	13	5	9634000	25
20220408 095931	-0.125303115859808	1023	509	4	5	9594000	52
20220408 095438	-0.615054248286442	3081	774	20	5	9585000	42
20220408 100816	-0.229341077150445	1748	869	10	5	9581000	68
20220408 101700	-0.392496495397988	3217	339	10	5	9580000	85
20220408 102108	-0.913141175942142	1558	574	8	5	9576000	93
20220408 102559	-0.337820825674938	3103	825	20	5	9561000	103
20220408 102207	-0.30464909255168	1353	671	6	5	9552000	95
20220408 095631	-0.84675856920646	1348	674	6	5	9528000	46
20220408 094251	-0.748253923760215	4054	632	12	5	9518000	20
20220408 102838	-0.770396790737632	1870	553	20	5	9453000	109
20220408 093930	-0.652498880709754	3949	317	7	5	9436000	13
20220408 095153	-0.512327866041174	1207	552	18	5	9424000	37
20220408 101826	-0.38966461287564	1194	565	20	5	9399000	88
20220408 103100	-0.256241121632405	3528	929	20	5	9382000	114
20220408 094740	-0.998844931970888	117	4	5	5	9377000	29
20220408 093519	-0.289711754546442	4535	543	9	5	9365000	3
20220408 093635	-0.034406855009729	4218	837	19	5	9365000	6
20220408 101217	-0.0530167402919163	6464	400	20	5	9363000	76
20220408 095302	-0.976414522200824	2648	1324	15	5	9359000	39
20220408 101959	-0.657323742578166	2007	652	14	5	9345000	91
20220408 095754	-0.657078553028164	4172	1080	20	5	9335000	49
20220408 095045	-0.570044928790579	24	1	5	5	9311000	35
20220408 103030	-0.070359847592131	5231	586	20	5	9307000	113
20220408 093451	-0.540886588406283	3544	1010	6	5	9293000	2
20220408 101315	-0.512511878268265	1202	584	7	5	9283000	78
20220408 101629	-0.570173949204017	1816	634	14	5	9235000	84
20220408 102632	-0.0499230683349207	1497	743	20	5	9221000	104
20220408 100930	-0.400785140400114	5734	793	20	5	9199000	71
20220408 093953	-0.0871365572500508	5597	1259	6	5	9163000	14
20220408 100845	-0.999815718946705	5051	1082	12	5	9112000	69
20220408 100148	-0.940350403462449	4996	1005	20	5	9105000	57
20220408 093605	-0.229809910776385	6650	1530	8	5	9097000	5
20220408 095720	-0.86664140021154	1643	815	18	5	9086000	48
20220408 094848	-0.118376197187864	12	5	3	5	9068000	32
20220408 102715	-0.895353994838053	1603	5	3	5	9068000	106
20220408 094810	-0.99901343814123	2610	1301	9	5	9037000	30
20220408 094501	-0.882396260851265	3228	1612	20	5	9023000	24
20220408 093738	-0.902917595111649	6085	125	12	5	9016000	9
20220408 094042	-0.417829001625068	2345	838	4	5	9016000	16
20220408 094351	-0.550073700878727	1612	350	3	5	8990000	22
20220408 100003	-0.985404559192974	4523	356	3	5	8990000	54
20220408 101716	-0.988277622222266	1552	425	3	5	8990000	86
20220408 093540	-0.0406521482582319	7692	441	5	5	8985000	4
20220408 094024	-0.319835655757924	7349	638	20	5	8985000	15
20220408 101146	-0.734591538748459	7446	530	19	5	8985000	75
20220408 100331	-0.26398308703868	175	77	3	5	8980000	60
20220408 102301	-0.395682346833724	219	67	3	5	8980000	97
20220408 100951	-0.730745390912026	4381	1409	5	5	8957000	72
20220408 093836	-0.773743206608924	7099	1739	15	5	8870000	11
20220408 095407	-0.134711282601925	3746	1864	20	5	8703000	41
20220408 095606	-0.630465870755199	3747	1873	9	5	8703000	45
20220408 100448	-0.747412096447739	440	220	12	5	8560000	62
20220408 095646	-0.0488067728988901	4035	2000	3	5	8532000	47
20220408 093650	-0.850229426703299	5875	1801	3	5	8523000	7
20220408 095947	-0.37881396814877	3062	1531	3	5	8496000	53
20220408 094832	-0.306544168711727	8000	598	6	5	8215000	31
20220408 095538	-0.999608663266827	7983	1994	17	5	8215000	44
20220408 101248	-0.560797328596516	7987	336	12	5	8142000	77
20220408 094335	-0.681436677510188	281	139	16	5	7889000	21
20220408 101429	-0.643210174717874	155	71	13	5	6984000	80
20220408 095023	-0.999657984872276	14	2	20	5	5071000	34
20220408 100237	-0.34742200037839	45	11	15	5	5066000	58
20220408 095851	-0.192107757868161	12	4	19	5	4646000	50
20220408 101117	-0.446859859012741	13	6	19	5	4317000	74
20220408 093706	0.0614296848099913	5428	206	11	5	0	8
20220408 095911	0.0146243470567939	7999	1484	20	5	0	51
20220408 100901	0.0762436198987941	654	319	20	5	0	70
